3.599 2 GPS 0 0 0 0 0 0 0 0 0 0 1
3.600 2 ESTIMATOR 0. 0.
3.604 2 ATTITUDE 0.095989 0. -1.317619
3.606 2 IR_SENSORS 511 -449 -960 62 511
3.699 2 GPS 0 0 0 0 0 0 0 0 0 0 1
3.700 2 ESTIMATOR 0. 0.
3.704 2 WP_MOVED 1 374889. 4223058. 75. 18
3.706 2 DL_VALUE 4 0.
3.708 2 DOWNLINK 0 947 314
3.728 2 COMMANDS 9600,0,0,0
3.732 2 NAVIGATION 1 2 0. 0. 0. 0. 0 0
3.799 2 GPS 0 0 0 0 0 0 0 0 0 0 1
3.800 2 ESTIMATOR 0. 0.
3.804 2 NAVIGATION 1 2 0. 0. 0. 0. 0 0
3.809 2 GPS_SOL 0 0 0 0
3.829 2 ACTUATORS 0,1500,1500,0,2000,0,0,1500
3.898 2 GPS 0 0 0 0 0 0 0 0 0 0 1
3.900 2 ESTIMATOR 0. 0.
3.904 2 BAT 0 362 1023 0 0 0 7 0 0
3.915 2 DOWNLINK_STATUS 4 3838 175 0 1008. 47. 0.
3.979 2 COMMANDS 9600,0,0,0
3.982 2 NAVIGATION 1 2 0. 0. 0. 0. 0 0
3.998 2 GPS 0 0 0 0 0 0 0 0 0 0 1
4.000 2 ESTIMATOR 0. 0.
4.079 2 ACTUATORS 0,1500,1500,0,2000,0,0,1500
4.097 2 GPS 0 0 0 0 0 0 0 0 0 0 1
4.101 2 ESTIMATOR 0. 0.
4.103 2 ATTITUDE 0.095989 0. -1.317619
4.197 2 GPS 0 0 0 0 0 0 0 0 0 0 1
4.201 2 ESTIMATOR 0. 0.
4.203 2 WP_MOVED 0 374931. 4223100. 75. 18
4.204 2 CALIBRATION 0. 0
4.228 2 COMMANDS 9600,0,0,0
4.233 2 NAVIGATION 1 2 0. 0. 0. 0. 0 0
4.297 2 GPS 0 0 0 0 0 0 0 0 0 0 1
4.301 2 ESTIMATOR 0. 0.
4.329 2 ACTUATORS 0,1500,1500,0,2000,0,0,1500
4.397 2 GPS 0 0 0 0 0 0 0 0 0 0 1
4.401 2 ESTIMATOR 0. 0.
4.478 2 COMMANDS 9600,0,0,0
4.483 2 NAVIGATION 1 2 0. 0. 0. 0. 0 0
4.497 2 GPS 0 0 0 0 0 0 0 0 0 0 1
4.501 2 ESTIMATOR 0. 0.
4.550 2 DESIRED 0. 0. 0. 0. 0. 50. 0. 18.
4.579 2 ACTUATORS 0,1500,1500,0,2000,0,0,1500
4.600 2 GPS 0 0 0 0 0 0 0 0 0 0 1
4.601 2 ESTIMATOR 0. 0.
4.603 2 ATTITUDE 0.095989 0. -1.317619
4.699 2 GPS 0 0 0 0 0 0 0 0 0 0 1
4.700 2 ESTIMATOR 0. 0.
4.703 2 WP_MOVED 1 374889. 4223058. 75. 18
4.729 2 COMMANDS 9600,0,0,0
4.733 2 NAVIGATION 1 2 0. 0. 0. 0. 0 0
4.778 2 FBW_STATUS 0 0 0 362 0 558
4.797 2 GPS 0 0 0 0 0 0 0 0 0 0 1
4.801 2 ESTIMATOR 0. 0.
4.805 2 NAVIGATION 1 2 0. 0. 0. 0. 0 0
4.807 2 IR_SENSORS 511 -449 -960 62 511
4.829 2 ACTUATORS 0,1500,1500,0,2000,0,0,1500
4.897 2 GPS 0 0 0 0 0 0 0 0 0 0 1
4.901 2 ESTIMATOR 0. 0.
4.915 2 DOWNLINK_STATUS 5 4748 216 0 910. 41. 0.
4.979 2 NAVIGATION 1 2 0. 0. 0. 0. 0 0
4.983 2 COMMANDS 9600,0,0,0
4.997 2 GPS 0 0 0 0 0 0 0 0 0 0 1
5.001 2 ESTIMATOR 0. 0.
5.005 2 BAT 0 362 1023 0 0 0 8 0 0
5.079 2 ACTUATORS 0,1500,1500,0,2000,0,0,1500
5.100 2 GPS 0 0 0 0 0 0 0 0 0 0 1
5.100 2 ESTIMATOR 0. 0.
5.103 2 ATTITUDE 0.095989 0. -1.317619
5.199 2 GPS 0 0 0 0 0 0 0 0 0 0 1
5.201 2 ESTIMATOR 0. 0.
5.202 2 WP_MOVED 0 374931. 4223100. 75. 18
5.205 2 DL_VALUE 5 8000.
5.227 2 COMMANDS 9600,0,0,0
5.232 2 NAVIGATION 1 2 0. 0. 0. 0. 0 0
5.296 2 GPS 0 0 0 0 0 0 0 0 0 0 1
5.301 2 ESTIMATOR 0. 0.
5.330 2 ACTUATORS 0,1500,1500,0,2000,0,0,1500
5.397 2 GPS 0 0 0 0 0 0 0 0 0 0 1
5.401 2 ESTIMATOR 0. 0.
5.418 2 PONG 
5.477 2 COMMANDS 9600,0,0,0
5.483 2 NAVIGATION 1 2 0. 0. 0. 0. 0 0
5.497 2 GPS 0 0 0 0 0 0 0 0 0 0 1
5.500 2 ESTIMATOR 0. 0.
5.579 2 ACTUATORS 0,1500,1500,0,2000,0,0,1500
5.597 2 GPS 0 0 0 0 0 0 0 0 0 0 1
5.602 2 ESTIMATOR 0. 0.
5.603 2 ATTITUDE 0.095989 0. -1.317619
5.609 2 DESIRED 0. 0. 0. 0. 0. 50. 0. 18.
5.612 2 ENERGY 36.200001 0. 0 0.
5.697 2 GPS 0 0 0 0 0 0 0 0 0 0 1
5.701 2 ESTIMATOR 0. 0.
5.703 2 WP_MOVED 1 374889. 4223058. 75. 18
5.727 2 COMMANDS 9600,0,0,0
5.733 2 NAVIGATION 1 2 0. 0. 0. 0. 0 0
5.798 2 GPS 0 0 0 0 0 0 0 0 0 0 1
5.801 2 ESTIMATOR 0. 0.
5.805 2 NAVIGATION 1 2 0. 0. 0. 0. 0 0
5.807 2 GPS_SOL 0 0 0 0
5.829 2 ACTUATORS 0,1500,1500,0,2000,0,0,1500
5.897 2 GPS 0 0 0 0 0 0 0 0 0 0 1
5.901 2 ESTIMATOR 0. 0.
5.917 2 DOWNLINK_STATUS 6 5691 259 0 943. 43. 6.12
5.977 2 COMMANDS 9600,0,0,0
5.983 2 NAVIGATION 1 2 0. 0. 0. 0. 0 0
5.998 2 GPS 0 0 0 0 0 0 0 0 0 0 1
6.001 2 ESTIMATOR 0. 0.
6.003 2 IR_SENSORS 511 -449 -960 62 511
6.079 2 ACTUATORS 0,1500,1500,0,2000,0,0,1500
6.097 2 GPS 0 0 0 0 0 0 0 0 0 0 1
6.099 2 ESTIMATOR 0. 0.
6.103 2 ATTITUDE 0.095989 0. -1.317619
6.107 2 BAT 0 362 1023 0 0 0 9 0 0
6.198 2 GPS 0 0 0 0 0 0 0 0 0 0 1
6.201 2 ESTIMATOR 0. 0.
6.203 2 WP_MOVED 0 374931. 4223100. 75. 18
6.229 2 NAVIGATION 1 2 0. 0. 0. 0. 0 0
6.233 2 COMMANDS 9600,0,0,0
6.297 2 GPS 0 0 0 0 0 0 0 0 0 0 1
6.299 2 ESTIMATOR 0. 0.
6.300 2 CALIBRATION 0. 0
6.330 2 ACTUATORS 0,1500,1500,0,2000,0,0,1500
6.397 2 GPS 0 0 0 0 0 0 0 0 0 0 1
6.401 2 ESTIMATOR 0. 0.
6.478 2 COMMANDS 9600,0,0,0
6.483 2 NAVIGATION 1 2 0. 0. 0. 0. 0 0
6.497 2 GPS 0 0 0 0 0 0 0 0 0 0 1
6.501 2 ESTIMATOR 0. 0.
6.579 2 ACTUATORS 0,1500,1500,0,2000,0,0,1500
6.598 2 GPS 0 0 0 0 0 0 0 0 0 0 1
6.601 2 ESTIMATOR 0. 0.
6.603 2 ATTITUDE 0.095989 0. -1.317619
6.649 2 DESIRED 0. 0. 0. 0. 0. 50. 0. 18.
6.697 2 GPS 0 0 0 0 0 0 0 0 0 0 1
6.701 2 ESTIMATOR 0. 0.
6.703 2 WP_MOVED 1 374889. 4223058. 75. 18
6.705 2 DL_VALUE 6 0.
6.728 2 COMMANDS 9600,0,0,0
6.731 2 NAVIGATION 1 2 0. 0. 0. 0. 0 0
6.777 2 FBW_STATUS 0 0 0 362 0 678
6.798 2 GPS 0 0 0 0 0 0 0 0 0 0 1
6.801 2 ESTIMATOR 0. 0.
6.805 2 NAVIGATION 1 2 0. 0. 0. 0. 0 0
6.829 2 ACTUATORS 0,1500,1500,0,2000,0,0,1500
6.897 2 GPS 0 0 0 0 0 0 0 0 0 0 1
6.901 2 ESTIMATOR 0. 0.
6.918 2 DOWNLINK_STATUS 7 6635 302 0 944. 43. 6.12
6.978 2 COMMANDS 9600,0,0,0
6.981 2 NAVIGATION 1 2 0. 0. 0. 0. 0 0
6.997 2 GPS 0 0 0 0 0 0 0 0 0 0 1
7.001 2 ESTIMATOR 0. 0.
7.079 2 ACTUATORS 0,1500,1500,0,2000,0,0,1500
7.100 2 GPS 0 0 0 0 0 0 0 0 0 0 1
7.100 2 ESTIMATOR 0. 0.
7.103 2 ATTITUDE 0.095989 0. -1.317619
7.197 2 GPS 0 0 0 0 0 0 0 0 0 0 1
7.199 2 ESTIMATOR 0. 0.
7.203 2 WP_MOVED 0 374931. 4223100. 75. 18
7.207 2 BAT 0 362 1023 0 0 0 10 0 0
7.212 2 IR_SENSORS 511 -449 -960 62 511
7.227 2 COMMANDS 9600,0,0,0
7.231 2 NAVIGATION 1 2 0. 0. 0. 0. 0 0
7.297 2 GPS 0 0 0 0 0 0 0 0 0 0 1
7.299 2 ESTIMATOR 0. 0.
7.330 2 ACTUATORS 0,1500,1500,0,2000,0,0,1500
7.397 2 GPS 0 0 0 0 0 0 0 0 0 0 1
7.399 2 ESTIMATOR 0. 0.
7.479 2 NAVIGATION 1 2 0. 0. 0. 0. 0 0
7.481 2 COMMANDS 9600,0,0,0
7.497 2 GPS 0 0 0 0 0 0 0 0 0 0 1
7.499 2 ESTIMATOR 0. 0.
7.579 2 ACTUATORS 0,1500,1500,0,2000,0,0,1500
7.598 2 GPS 0 0 0 0 0 0 0 0 0 0 1
7.601 2 ESTIMATOR 0. 0.
7.603 2 ATTITUDE 0.095989 0. -1.317619
7.697 2 GPS 0 0 0 0 0 0 0 0 0 0 1
7.699 2 ESTIMATOR 0. 0.
7.703 2 WP_MOVED 1 374889. 4223058. 75. 18
7.709 2 DESIRED 0. 0. 0. 0. 0. 50. 0. 18.
7.713 2 NAVIGATION_REF 374889 4223058 18
7.731 2 COMMANDS 9600,0,0,0
7.731 2 NAVIGATION 1 2 0. 0. 0. 0. 0 0
7.797 2 GPS 0 0 0 0 0 0 0 0 0 0 1
7.799 2 ESTIMATOR 0. 0.
7.806 2 NAVIGATION 1 2 0. 0. 0. 0. 0 0
7.808 2 GPS_SOL 0 0 0 0
7.829 2 ACTUATORS 0,1500,1500,0,2000,0,0,1500
7.897 2 GPS 0 0 0 0 0 0 0 0 0 0 1
7.899 2 ESTIMATOR 0. 0.
7.920 2 DOWNLINK_STATUS 8 7572 344 0 937. 42. 6.12
7.977 2 COMMANDS 9600,0,0,0
7.981 2 NAVIGATION 1 2 0. 0. 0. 0. 0 0
7.997 2 GPS 0 0 0 0 0 0 0 0 0 0 1
7.999 2 ESTIMATOR 0. 0.
8.080 2 ACTUATORS 0,1500,1500,0,2000,0,0,1500
8.097 2 GPS 0 0 0 0 0 0 0 0 0 0 1
8.102 2 ESTIMATOR 0. 0.
8.104 2 ATTITUDE 0.095989 0. -1.317619
8.108 2 ENERGY 36.200001 0. 0 0.
8.197 2 GPS 0 0 0 0 0 0 0 0 0 0 1
8.199 2 ESTIMATOR 0. 0.
8.203 2 WP_MOVED 0 374931. 4223100. 75. 18
8.205 2 DL_VALUE 7 0.
8.209 2 ALIVE 96,64,207,125,2,118,210,48,184,129,61,24,173,230,125,202
8.227 2 COMMANDS 9600,0,0,0
8.231 2 NAVIGATION 1 2 0. 0. 0. 0. 0 0
8.297 2 GPS 0 0 0 0 0 0 0 0 0 0 1
8.299 2 ESTIMATOR 0. 0.
8.303 2 BAT 0 362 1023 0 0 0 11 0 0
8.305 2 PPRZ_MODE 1 0 0 0 0 17
8.330 2 ACTUATORS 0,1500,1500,0,2000,0,0,1500
8.397 2 GPS 0 0 0 0 0 0 0 0 0 0 1
8.401 2 ESTIMATOR 0. 0.
8.403 2 IR_SENSORS 511 -449 -960 62 511
8.405 2 CALIBRATION 0. 0
8.479 2 NAVIGATION 1 2 0. 0. 0. 0. 0 0
8.483 2 COMMANDS 9600,0,0,0
8.496 2 GPS 0 0 0 0 0 0 0 0 0 0 1
8.501 2 ESTIMATOR 0. 0.
8.501 2 STATE_FILTER_STATUS 3 1533
8.580 2 ACTUATORS 0,1500,1500,0,2000,0,0,1500
8.597 2 GPS 0 0 0 0 0 0 0 0 0 0 1
8.599 2 ESTIMATOR 0. 0.
8.604 2 ATTITUDE 0.095989 0. -1.317619
8.697 2 GPS 0 0 0 0 0 0 0 0 0 0 1
8.700 2 ESTIMATOR 0. 0.
8.702 2 WP_MOVED 1 374889. 4223058. 75. 18
8.727 2 COMMANDS 9600,0,0,0
8.733 2 NAVIGATION 1 2 0. 0. 0. 0. 0 0
8.749 2 DESIRED 0. 0. 0. 0. 0. 50. 0. 18.
8.777 2 FBW_STATUS 0 0 0 362 0 798
8.797 2 GPS 0 0 0 0 0 0 0 0 0 0 1
8.801 2 ESTIMATOR 0. 0.
8.805 2 NAVIGATION 1 2 0. 0. 0. 0. 0 0
8.807 2 DOWNLINK 0 962 538
8.830 2 ACTUATORS 0,1500,1500,0,2000,0,0,1500
8.897 2 GPS 0 0 0 0 0 0 0 0 0 0 1
8.901 2 ESTIMATOR 0. 0.
8.920 2 DOWNLINK_STATUS 9 8591 392 0 1019. 48. 6.12
8.978 2 COMMANDS 9600,0,0,0
8.981 2 NAVIGATION 1 2 0. 0. 0. 0. 0 0
8.998 2 GPS 0 0 0 0 0 0 0 0 0 0 1
9.001 2 ESTIMATOR 0. 0.
9.080 2 ACTUATORS 0,1500,1500,0,2000,0,0,1500
9.096 2 GPS 0 0 0 0 0 0 0 0 0 0 1
9.101 2 ESTIMATOR 0. 0.
9.105 2 ATTITUDE 0.095989 0. -1.317619
9.197 2 GPS 0 0 0 0 0 0 0 0 0 0 1
9.198 2 ESTIMATOR 0. 0.
9.203 2 WP_MOVED 0 374931. 4223100. 75. 18
9.228 2 COMMANDS 9600,0,0,0
9.233 2 NAVIGATION 1 2 0. 0. 0. 0. 0 0
9.297 2 GPS 0 0 0 0 0 0 0 0 0 0 1
9.299 2 ESTIMATOR 0. 0.
9.330 2 ACTUATORS 0,1500,1500,0,2000,0,0,1500
9.396 2 GPS 0 0 0 0 0 0 0 0 0 0 1
9.399 2 ESTIMATOR 0. 0.
9.403 2 BAT 0 362 1023 0 0 0 12 0 0
9.478 2 COMMANDS 9600,0,0,0
9.482 2 NAVIGATION 1 2 0. 0. 0. 0. 0 0
9.497 2 GPS 0 0 0 0 0 0 0 0 0 0 1
9.498 2 ESTIMATOR 0. 0.
9.580 2 ACTUATORS 0,1500,1500,0,2000,0,0,1500
9.597 2 GPS 0 0 0 0 0 0 0 0 0 0 1
9.599 2 ESTIMATOR 0. 0.
9.607 2 ATTITUDE 0.095989 0. -1.317619
9.607 2 IR_SENSORS 511 -449 -960 62 511
9.697 2 GPS 0 0 0 0 0 0 0 0 0 0 1
9.699 2 ESTIMATOR 0. 0.
9.703 2 WP_MOVED 1 374889. 4223058. 75. 18
9.706 2 DL_VALUE 8 250.
9.728 2 COMMANDS 9600,0,0,0
9.731 2 NAVIGATION 1 2 0. 0. 0. 0. 0 0
9.797 2 GPS 0 0 0 0 0 0 0 0 0 0 1
9.798 2 ESTIMATOR 0. 0.
9.806 2 NAVIGATION 1 2 0. 0. 0. 0. 0 0
9.813 2 DESIRED 0. 0. 0. 0. 0. 50. 0. 18.
9.813 2 GPS_SOL 0 0 0 0
9.830 2 ACTUATORS 0,1500,1500,0,2000,0,0,1500
9.897 2 GPS 0 0 0 0 0 0 0 0 0 0 1
9.899 2 ESTIMATOR 0. 0.
9.921 2 DOWNLINK_STATUS 10 9524 434 0 933. 42. 6.12
9.979 2 NAVIGATION 1 2 0. 0. 0. 0. 0 0
9.981 2 COMMANDS 9600,0,0,0
9.997 2 GPS 0 0 0 0 0 0 0 0 0 0 1
9.999 2 ESTIMATOR 0. 0.
10.080 2 ACTUATORS 0,1500,1500,0,2000,0,0,1500
10.098 2 GPS 0 0 0 0 0 0 0 0 0 0 1
10.099 2 ESTIMATOR 0. 0.
10.103 2 ATTITUDE 0.095989 0. -1.317619
10.197 2 GPS 0 0 0 0 0 0 0 0 0 0 1
10.199 2 ESTIMATOR 0. 0.
10.203 2 WP_MOVED 0 374931. 4223100. 75. 18
10.227 2 COMMANDS 9600,0,0,0
10.232 2 NAVIGATION 1 2 0. 0. 0. 0. 0 0
10.298 2 GPS 0 0 0 0 0 0 0 0 0 0 1
10.298 2 ESTIMATOR 0. 0.
10.330 2 ACTUATORS 0,1500,1500,0,2000,0,0,1500
10.397 2 GPS 0 0 0 0 0 0 0 0 0 0 1
10.398 2 ESTIMATOR 0. 0.
10.419 2 PONG 
10.478 2 COMMANDS 9600,0,0,0
10.481 2 NAVIGATION 1 2 0. 0. 0. 0. 0 0
10.497 2 GPS 0 0 0 0 0 0 0 0 0 0 1
10.498 2 ESTIMATOR 0. 0.
10.503 2 BAT 0 362 1023 0 0 0 14 0 0
10.505 2 CALIBRATION 0. 0
10.579 2 ACTUATORS 0,1500,1500,0,2000,0,0,1500
10.597 2 GPS 0 0 0 0 0 0 0 0 0 0 1
10.599 2 ESTIMATOR 0. 0.
10.603 2 ATTITUDE 0.095989 0. -1.317619
10.609 2 ENERGY 36.200001 0. 0 0.
10.698 2 GPS 0 0 0 0 0 0 0 0 0 0 1
10.699 2 ESTIMATOR 0. 0.
10.703 2 WP_MOVED 1 374889. 4223058. 75. 18
10.728 2 COMMANDS 9600,0,0,0
10.731 2 NAVIGATION 1 2 0. 0. 0. 0. 0 0
10.777 2 FBW_STATUS 0 0 0 362 0 918
10.797 2 GPS 0 0 0 0 0 0 0 0 0 0 1
10.799 2 ESTIMATOR 0. 0.
10.803 2 NAVIGATION 1 2 0. 0. 0. 0. 0 0
10.806 2 IR_SENSORS 511 -449 -960 62 511
10.828 2 ACTUATORS 0,1500,1500,0,2000,0,0,1500
10.847 2 DESIRED 0. 0. 0. 0. 0. 50. 0. 18.
10.897 2 GPS 0 0 0 0 0 0 0 0 0 0 1
10.898 2 ESTIMATOR 0. 0.
10.922 2 DOWNLINK_STATUS 11 10483 478 0 959. 44. 6.29
10.978 2 COMMANDS 9600,0,0,0
10.982 2 NAVIGATION 1 2 0. 0. 0. 0. 0 0
10.998 2 GPS 0 0 0 0 0 0 0 0 0 0 1
10.999 2 ESTIMATOR 0. 0.
11.078 2 ACTUATORS 0,1500,1500,0,2000,0,0,1500
11.097 2 GPS 0 0 0 0 0 0 0 0 0 0 1
11.099 2 ESTIMATOR 0. 0.
11.103 2 ATTITUDE 0.095989 0. -1.317619
11.197 2 GPS 0 0 0 0 0 0 0 0 0 0 1
11.199 2 ESTIMATOR 0. 0.
11.202 2 WP_MOVED 0 374931. 4223100. 75. 18
11.206 2 DL_VALUE 9 1.144
11.227 2 COMMANDS 9600,0,0,0
11.231 2 NAVIGATION 1 2 0. 0. 0. 0. 0 0
11.297 2 GPS 0 0 0 0 0 0 0 0 0 0 1
11.298 2 ESTIMATOR 0. 0.
11.329 2 ACTUATORS 0,1500,1500,0,2000,0,0,1500
11.397 2 GPS 0 0 0 0 0 0 0 0 0 0 1
11.399 2 ESTIMATOR 0. 0.
11.477 2 COMMANDS 9600,0,0,0
11.481 2 NAVIGATION 1 2 0. 0. 0. 0. 0 0
11.497 2 GPS 0 0 0 0 0 0 0 0 0 0 1
11.499 2 ESTIMATOR 0. 0.
11.579 2 ACTUATORS 0,1500,1500,0,2000,0,0,1500
11.597 2 GPS 0 0 0 0 0 0 0 0 0 0 1
11.599 2 ESTIMATOR 0. 0.
11.603 2 ATTITUDE 0.095989 0. -1.317619
11.609 2 BAT 0 362 1023 0 0 0 15 0 0
11.697 2 GPS 0 0 0 0 0 0 0 0 0 0 1
11.699 2 ESTIMATOR 0. 0.
11.703 2 WP_MOVED 1 374889. 4223058. 75. 18
11.727 2 COMMANDS 9600,0,0,0
11.731 2 NAVIGATION 1 2 0. 0. 0. 0. 0 0
11.797 2 GPS 0 0 0 0 0 0 0 0 0 0 1
11.799 2 ESTIMATOR 0. 0.
11.803 2 NAVIGATION 1 2 0. 0. 0. 0. 0 0
11.806 2 GPS_SOL 0 0 0 0
11.829 2 ACTUATORS 0,1500,1500,0,2000,0,0,1500
11.897 2 GPS 0 0 0 0 0 0 0 0 0 0 1
11.898 2 ESTIMATOR 0. 0.
11.905 2 DESIRED 0. 0. 0. 0. 0. 50. 0. 18.
11.923 2 DOWNLINK_STATUS 12 11400 519 0 917. 41. 6.29
11.979 2 NAVIGATION 1 2 0. 0. 0. 0. 0 0
11.981 2 COMMANDS 9600,0,0,0
11.998 2 GPS 0 0 0 0 0 0 0 0 0 0 1
11.999 2 ESTIMATOR 0. 0.
12.004 2 IR_SENSORS 511 -449 -960 62 511
12.080 2 ACTUATORS 0,1500,1500,0,2000,0,0,1500
12.098 2 GPS 0 0 0 0 0 0 0 0 0 0 1
12.099 2 ESTIMATOR 0. 0.
12.103 2 ATTITUDE 0.097522 0. -1.317186
12.196 2 GPS 0 0 0 0 0 0 0 0 0 0 1
12.199 2 ESTIMATOR 0. 0.
12.203 2 WP_MOVED 0 374931. 4223100. 75. 18
12.227 2 COMMANDS 9600,0,0,0
12.231 2 NAVIGATION 1 2 0. 0. 0. 0. 0 0
12.297 2 GPS 0 0 0 0 0 0 0 0 0 0 1
12.299 2 ESTIMATOR 0. 0.
12.329 2 ACTUATORS 0,1500,1500,0,2000,0,0,1500
12.397 2 GPS 0 0 0 0 0 0 0 0 0 0 1
12.399 2 ESTIMATOR 0. 0.
12.477 2 COMMANDS 9600,0,0,0
12.481 2 NAVIGATION 1 2 0. 0. 0. 0. 0 0
12.498 2 GPS 0 0 0 0 0 0 0 0 0 0 1
12.499 2 ESTIMATOR 0. 0.
12.579 2 ACTUATORS 0,1500,1500,0,2000,0,0,1500
12.598 2 GPS 0 0 0 0 0 0 0 0 0 0 1
12.599 2 ESTIMATOR 0. 0.
12.603 2 ATTITUDE 0.097522 0. -1.317186
12.605 2 CALIBRATION 0. 0
12.697 2 GPS 0 0 0 0 0 0 0 0 0 0 1
12.699 2 ESTIMATOR 0. 0.
12.703 2 WP_MOVED 1 374889. 4223058. 75. 18
12.707 2 BAT 0 362 1023 0 0 0 16 0 0
12.710 2 DL_VALUE 10 1.2
12.727 2 COMMANDS 9600,0,0,0
12.731 2 NAVIGATION 1 2 0. 0. 0. 0. 0 0
12.775 2 BLOCK 0 2
12.777 2 FBW_STATUS 0 0 0 362 0 1038
12.785 2 NAVIGATION 0 0 0. 0. 0. 0. 0 0
12.797 2 GPS 0 0 0 0 0 0 0 0 0 0 1
12.799 2 ESTIMATOR 0. 0.
12.803 2 NAVIGATION 0 0 0. 0. 0. 0. 0 0
12.829 2 ACTUATORS 0,1500,1500,0,2000,0,0,1500
12.898 2 GPS 0 0 0 0 0 0 0 0 0 0 1
12.899 2 ESTIMATOR 0. 0.
12.924 2 DOWNLINK_STATUS 13 12332 562 0 932. 43. 6.29
12.948 2 DESIRED 0. 0. 0. 0. 0. 50. 0. 18.
12.978 2 COMMANDS 9600,0,0,0
12.981 2 NAVIGATION 0 1 0. 0. 0. 0. 0 0
12.998 2 GPS 0 0 0 0 0 0 0 0 0 0 1
12.999 2 ESTIMATOR 0. 0.
13.078 2 ACTUATORS 0,1500,1500,0,2000,0,0,1500
13.097 2 GPS 0 0 0 0 0 0 0 0 0 0 1
13.099 2 ESTIMATOR 0. 0.
13.103 2 ATTITUDE 0.095989 0. -1.317619
13.105 2 ENERGY 36.200001 0. 0 0.
13.197 2 GPS 0 0 0 0 0 0 0 0 0 0 1
13.199 2 ESTIMATOR 0. 0.
13.203 2 WP_MOVED 0 374931. 4223100. 75. 18
13.205 2 IR_SENSORS 511 -449 -960 62 511
13.209 2 ALIVE 96,64,207,125,2,118,210,48,184,129,61,24,173,230,125,202
13.230 2 NAVIGATION 0 2 0. 0. 0. 0. 0 0
13.231 2 COMMANDS 9600,0,0,0
13.297 2 GPS 0 0 0 0 0 0 0 0 0 0 1
13.299 2 ESTIMATOR 0. 0.
13.301 2 PPRZ_MODE 1 0 0 0 0 17
13.329 2 ACTUATORS 0,1500,1500,0,2000,0,0,1500
13.397 2 GPS 0 0 0 0 0 0 0 0 0 0 1
13.399 2 ESTIMATOR 0. 0.
13.477 2 COMMANDS 9600,0,0,0
13.481 2 NAVIGATION 0 3 0. 0. 0. 0. 0 0
13.498 2 GPS 0 0 0 0 0 0 0 0 0 0 1
13.499 2 ESTIMATOR 0. 0.
13.501 2 STATE_FILTER_STATUS 3 1533
13.579 2 ACTUATORS 0,1500,1500,0,1500,0,0,1500
13.597 2 GPS 0 0 0 0 0 0 0 0 0 0 1
13.599 2 ESTIMATOR 0. 0.
13.603 2 ATTITUDE 0.095989 0. -1.317619
13.697 2 GPS 0 0 0 0 0 0 0 0 0 0 1
13.699 2 ESTIMATOR 0. 0.
13.703 2 WP_MOVED 1 374889. 4223058. 75. 18
13.729 2 NAVIGATION 0 4 0. 0. 0. 0. 0 0
13.731 2 COMMANDS 0,0,0,0
13.797 2 GPS 0 0 0 0 0 0 0 0 0 0 1
13.799 2 ESTIMATOR 0. 0.
13.803 2 NAVIGATION 0 4 0. 0. 0. 0. 0 0
13.807 2 BAT 0 362 1023 0 0 0 1 0 0
13.811 2 GPS_SOL 0 0 0 0
13.829 2 ACTUATORS 0,1500,1500,0,1500,0,0,1500
13.875 2 WIND_INFO 2 42 0. 0. 0.
13.898 2 GPS 0 0 0 0 0 0 0 0 0 0 1
13.899 2 ESTIMATOR 0. 0.
13.901 2 DOWNLINK 0 942 757
13.925 2 DOWNLINK_STATUS 14 13329 608 0 997. 46. 6.29
13.978 2 COMMANDS 0,0,0,0
13.981 2 NAVIGATION 0 5 0. 0. 0. 0. 0 0
13.998 2 GPS 0 0 0 0 0 0 0 0 0 0 1
13.999 2 ESTIMATOR 0. 0.
14.005 2 DESIRED 0. 0. 0. 0. 0. 50. 0. 18.
14.080 2 ACTUATORS 0,1500,1500,0,1500,0,0,1500
14.097 2 GPS 0 0 0 0 0 0 0 0 0 0 1
14.098 2 ESTIMATOR 0. 0.
14.103 2 ATTITUDE 0.095989 0. -1.317619
14.197 2 GPS 0 0 0 0 0 0 0 0 0 0 1
14.199 2 ESTIMATOR 0. 0.
14.202 2 WP_MOVED 0 374931. 4223100. 75. 18
14.205 2 DL_VALUE 11 1.31
14.228 2 COMMANDS 0,0,0,0
14.231 2 NAVIGATION 0 6 0. 0. 0. 0. 0 0
14.297 2 GPS 0 0 0 0 0 0 0 0 0 0 1
14.299 2 ESTIMATOR 0. 0.
14.329 2 ACTUATORS 0,1500,1500,0,1500,0,0,1500
14.397 2 GPS 0 0 0 0 0 0 0 0 0 0 1
14.399 2 ESTIMATOR 0. 0.
14.403 2 IR_SENSORS 511 -449 -960 62 511
14.477 2 COMMANDS 0,0,0,0
14.481 2 NAVIGATION 0 7 0. 0. 0. 0. 0 0
14.498 2 GPS 0 0 0 0 0 0 0 0 0 0 1
14.499 2 ESTIMATOR 0. 0.
14.579 2 ACTUATORS 0,1500,1500,0,1500,0,0,1500
14.597 2 GPS 0 0 0 0 0 0 0 0 0 0 1
14.599 2 ESTIMATOR 0. 0.
14.603 2 ATTITUDE 0.095989 0. -1.317619
14.697 2 GPS 0 0 0 0 0 0 0 0 0 0 1
14.699 2 ESTIMATOR 0. 0.
14.703 2 WP_MOVED 1 374889. 4223058. 75. 18
14.705 2 CALIBRATION 0. 0
14.727 2 COMMANDS 0,0,0,0
14.731 2 NAVIGATION 0 7 0. 0. 0. 0. 0 0
14.777 2 FBW_STATUS 0 0 0 362 0 1158
14.797 2 GPS 0 0 0 0 0 0 0 0 0 0 1
14.799 2 ESTIMATOR 0. 0.
14.803 2 NAVIGATION 0 7 0. 0. 0. 0. 0 0
14.829 2 ACTUATORS 0,1500,1500,0,1500,0,0,1500
14.898 2 GPS 0 0 0 0 0 0 0 0 0 0 1
14.899 2 ESTIMATOR 0. 0.
14.903 2 BAT 0 362 1023 0 0 0 2 0 0
14.927 2 DOWNLINK_STATUS 15 14273 651 0 944. 43. 6.29
14.978 2 COMMANDS 0,0,0,0
14.981 2 NAVIGATION 0 7 0. 0. 0. 0. 0 0
14.998 2 GPS 0 0 0 0 0 0 0 0 0 0 1
14.999 2 ESTIMATOR 0. 0.
15.048 2 DESIRED 0. 0. 0. 0. 0. 50. 0. 18.
15.078 2 ACTUATORS 0,1500,1500,0,1500,0,0,1500
15.097 2 GPS 0 0 0 0 0 0 0 0 0 0 1
15.099 2 ESTIMATOR 0. 0.
15.103 2 ATTITUDE 0.095989 0. -1.317619
15.197 2 GPS 0 0 0 0 0 0 0 0 0 0 1
15.199 2 ESTIMATOR 0. 0.
15.203 2 WP_MOVED 0 374931. 4223100. 75. 18
15.228 2 COMMANDS 0,0,0,0
15.231 2 NAVIGATION 0 7 0. 0. 0. 0. 0 0
15.297 2 GPS 0 0 0 0 0 0 0 0 0 0 1
15.299 2 ESTIMATOR 0. 0.
15.329 2 ACTUATORS 0,1500,1500,0,1500,0,0,1500
15.397 2 GPS 0 0 0 0 0 0 0 0 0 0 1
15.399 2 ESTIMATOR 0. 0.
15.420 2 PONG 
15.479 2 NAVIGATION 0 7 0. 0. 0. 0. 0 0
15.481 2 COMMANDS 0,0,0,0
15.498 2 GPS 0 0 0 0 0 0 0 0 0 0 1
15.499 2 ESTIMATOR 0. 0.
15.578 2 ACTUATORS 0,1500,1500,0,1500,0,0,1500
15.597 2 GPS 0 0 0 0 0 0 0 0 0 0 1
15.599 2 ESTIMATOR 0. 0.
15.603 2 ATTITUDE 0.095989 0. -1.317619
15.605 2 IR_SENSORS 511 -449 -960 62 511
15.609 2 ENERGY 36.200001 0. 0 0.
15.697 2 GPS 0 0 0 0 0 0 0 0 0 0 1
15.699 2 ESTIMATOR 0. 0.
15.703 2 WP_MOVED 1 374889. 4223058. 75. 18
15.706 2 DL_VALUE 12 0.785
15.727 2 COMMANDS 0,0,0,0
15.731 2 NAVIGATION 0 7 0. 0. 0. 0. 0 0
15.797 2 GPS 0 0 0 0 0 0 0 0 0 0 1
15.799 2 ESTIMATOR 0. 0.
15.803 2 NAVIGATION 0 7 0. 0. 0. 0. 0 0
15.807 2 GPS_SOL 0 0 0 0
15.827 2 ACTUATORS 0,1500,1500,0,1500,0,0,1500
15.898 2 GPS 0 0 0 0 0 0 0 0 0 0 1
15.899 2 ESTIMATOR 0. 0.
15.927 2 DOWNLINK_STATUS 16 15209 694 0 936. 43. 5.24
15.978 2 COMMANDS 0,0,0,0
15.982 2 NAVIGATION 0 7 0. 0. 0. 0. 0 0
15.998 2 GPS 0 0 0 0 0 0 0 0 0 0 1
16.000 2 ESTIMATOR 0. 0.
16.005 2 BAT 0 362 1023 0 0 0 3 0 0
16.078 2 ACTUATORS 0,1500,1500,0,1500,0,0,1500
16.096 2 GPS 0 0 0 0 0 0 0 0 0 0 1
16.099 2 ESTIMATOR 0. 0.
16.101 2 ATTITUDE 0.095989 0. -1.317619
16.108 2 DESIRED 0. 0. 0. 0. 0. 50. 0. 18.
16.196 2 GPS 0 0 0 0 0 0 0 0 0 0 1
16.199 2 ESTIMATOR 0. 0.
16.201 2 WP_MOVED 0 374931. 4223100. 75. 18
16.226 2 COMMANDS 0,0,0,0
16.232 2 NAVIGATION 0 7 0. 0. 0. 0. 0 0
16.274 2 BLOCK 1 2
16.283 2 NAVIGATION 1 0 0. 0. 0. 0. 0 0
16.296 2 GPS 0 0 0 0 0 0 0 0 0 0 1
16.300 2 ESTIMATOR 0. 0.
16.328 2 ACTUATORS 0,1500,1500,0,1500,0,0,1500
16.397 2 GPS 0 0 0 0 0 0 0 0 0 0 1
16.400 2 ESTIMATOR 0. 0.
16.476 2 COMMANDS 0,0,0,0
16.482 2 NAVIGATION 1 1 0. 0. 0. 0. 0 0
16.496 2 GPS 0 0 0 0 0 0 0 0 0 0 1
16.500 2 ESTIMATOR 0. 0.
16.579 2 ACTUATORS 0,1500,1500,0,2000,0,0,1500
16.596 2 GPS 0 0 0 0 0 0 0 0 0 0 1
16.600 2 ESTIMATOR 0. 0.
16.602 2 ATTITUDE 0.095989 0. -1.317619
16.696 2 GPS 0 0 0 0 0 0 0 0 0 0 1
16.700 2 ESTIMATOR 0. 0.
16.701 2 WP_MOVED 1 374889. 4223058. 75. 18
16.706 2 NAVIGATION_REF 374889 4223058 18
16.726 2 COMMANDS 9600,0,0,0
16.732 2 NAVIGATION 1 2 0. 0. 0. 0. 0 0
16.778 2 FBW_STATUS 0 0 0 362 0 1278
16.796 2 GPS 0 0 0 0 0 0 0 0 0 0 1
16.800 2 ESTIMATOR 0. 0.
16.804 2 NAVIGATION 1 2 0. 0. 0. 0. 0 0
16.806 2 IR_SENSORS 511 -449 -960 62 511
16.808 2 CALIBRATION 0. 0
16.828 2 ACTUATORS 0,1500,1500,0,2000,0,0,1500
16.896 2 GPS 0 0 0 0 0 0 0 0 0 0 1
16.900 2 ESTIMATOR 0. 0.
16.928 2 DOWNLINK_STATUS 17 16183 738 0 974. 44. 5.24
16.976 2 COMMANDS 9600,0,0,0
16.982 2 NAVIGATION 1 2 0. 0. 0. 0. 0 0
16.997 2 GPS 0 0 0 0 0 0 0 0 0 0 1
17.000 2 ESTIMATOR 0. 0.
17.079 2 ACTUATORS 0,1500,1500,0,2000,0,0,1500
17.096 2 GPS 0 0 0 0 0 0 0 0 0 0 1
17.100 2 ESTIMATOR 0. 0.
17.102 2 ATTITUDE 0.095989 0. -1.317619
17.106 2 BAT 0 362 1023 0 0 0 1 0 0
17.148 2 DESIRED 0. 0. 0. 0. 0. 50. 0. 18.
17.196 2 GPS 0 0 0 0 0 0 0 0 0 0 1
17.200 2 ESTIMATOR 0. 0.
17.202 2 WP_MOVED 0 374931. 4223100. 75. 18
17.204 2 DL_VALUE 13 0.142
17.228 2 NAVIGATION 1 2 0. 0. 0. 0. 0 0
17.232 2 COMMANDS 9600,0,0,0
17.296 2 GPS 0 0 0 0 0 0 0 0 0 0 1
17.300 2 ESTIMATOR 0. 0.
17.329 2 ACTUATORS 0,1500,1500,0,2000,0,0,1500
17.396 2 GPS 0 0 0 0 0 0 0 0 0 0 1
17.400 2 ESTIMATOR 0. 0.
17.477 2 COMMANDS 9600,0,0,0
17.481 2 NAVIGATION 1 2 0. 0. 0. 0. 0 0
17.498 2 GPS 0 0 0 0 0 0 0 0 0 0 1
17.499 2 ESTIMATOR 0. 0.
17.578 2 ACTUATORS 0,1500,1500,0,2000,0,0,1500
17.597 2 GPS 0 0 0 0 0 0 0 0 0 0 1
17.599 2 ESTIMATOR 0. 0.
17.602 2 ATTITUDE 0.095989 0. -1.317619
17.695 2 GPS 0 0 0 0 0 0 0 0 0 0 1
17.699 2 ESTIMATOR 0. 0.
17.701 2 WP_MOVED 1 374889. 4223058. 75. 18
17.727 2 COMMANDS 9600,0,0,0
17.732 2 NAVIGATION 1 2 0. 0. 0. 0. 0 0
17.795 2 GPS 0 0 0 0 0 0 0 0 0 0 1
17.799 2 ESTIMATOR 0. 0.
17.803 2 NAVIGATION 1 2 0. 0. 0. 0. 0 0
17.806 2 GPS_SOL 0 0 0 0
17.827 2 ACTUATORS 0,1500,1500,0,2000,0,0,1500
17.895 2 GPS 0 0 0 0 0 0 0 0 0 0 1
17.899 2 ESTIMATOR 0. 0.
17.929 2 DOWNLINK_STATUS 18 17100 779 0 917. 41. 5.24
17.977 2 COMMANDS 9600,0,0,0
17.981 2 NAVIGATION 1 2 0. 0. 0. 0. 0 0
17.996 2 GPS 0 0 0 0 0 0 0 0 0 0 1
17.999 2 ESTIMATOR 0. 0.
18.001 2 IR_SENSORS 511 -449 -960 62 511
18.078 2 ACTUATORS 0,1500,1500,0,2000,0,0,1500
18.095 2 GPS 0 0 0 0 0 0 0 0 0 0 1
18.099 2 ESTIMATOR 0. 0.
18.101 2 ATTITUDE 0.095989 0. -1.317619
18.105 2 ENERGY 36.200001 0. 0 0.
18.196 2 GPS 0 0 0 0 0 0 0 0 0 0 1
18.199 2 ESTIMATOR 0. 0.
18.201 2 WP_MOVED 0 374931. 4223100. 75. 18
18.208 2 DESIRED 0. 0. 0. 0. 0. 50. 0. 18.
18.211 2 BAT 0 362 1023 0 0 0 2 0 0
18.228 2 NAVIGATION 1 2 0. 0. 0. 0. 0 0
18.231 2 COMMANDS 9600,0,0,0
18.296 2 GPS 0 0 0 0 0 0 0 0 0 0 1
18.299 2 ESTIMATOR 0. 0.
18.301 2 PPRZ_MODE 1 0 0 0 0 17
18.328 2 ACTUATORS 0,1500,1500,0,2000,0,0,1500
18.395 2 GPS 0 0 0 0 0 0 0 0 0 0 1
18.399 2 ESTIMATOR 0. 0.
18.477 2 COMMANDS 9600,0,0,0
18.481 2 NAVIGATION 1 2 0. 0. 0. 0. 0 0
18.495 2 GPS 0 0 0 0 0 0 0 0 0 0 1
18.500 2 ESTIMATOR 0. 0.
18.500 2 STATE_FILTER_STATUS 3 1533
18.578 2 ACTUATORS 0,1500,1500,0,2000,0,0,1500
18.596 2 GPS 0 0 0 0 0 0 0 0 0 0 1
18.599 2 ESTIMATOR 0. 0.
18.601 2 ATTITUDE 0.095989 0. -1.317619
18.696 2 GPS 0 0 0 0 0 0 0 0 0 0 1
18.700 2 ESTIMATOR 0. 0.
18.701 2 WP_MOVED 1 374889. 4223058. 75. 18
18.704 2 DL_VALUE 14 0.4
18.726 2 COMMANDS 9600,0,0,0
18.732 2 NAVIGATION 1 2 0. 0. 0. 0. 0 0
18.778 2 FBW_STATUS 0 0 0 362 0 1398
18.796 2 GPS 0 0 0 0 0 0 0 0 0 0 1
18.800 2 ESTIMATOR 0. 0.
18.804 2 NAVIGATION 1 2 0. 0. 0. 0. 0 0
18.828 2 ACTUATORS 0,1500,1500,0,2000,0,0,1500
18.895 2 GPS 0 0 0 0 0 0 0 0 0 0 1
18.900 2 ESTIMATOR 0. 0.
18.901 2 CALIBRATION 0. 0
18.930 2 DOWNLINK_STATUS 19 18085 825 0 985. 46. 5.24
18.978 2 COMMANDS 9600,0,0,0
18.981 2 NAVIGATION 1 2 0. 0. 0. 0. 0 0
18.996 2 GPS 0 0 0 0 0 0 0 0 0 0 1
19.000 2 ESTIMATOR 0. 0.
19.001 2 DOWNLINK 1 951 979
19.078 2 ACTUATORS 0,1500,1500,0,2000,0,0,1500
19.096 2 GPS 0 0 0 0 0 0 0 0 0 0 1
19.100 2 ESTIMATOR 0. 0.
19.101 2 ATTITUDE 0.095989 0. -1.317619
19.195 2 GPS 0 0 0 0 0 0 0 0 0 0 1
19.200 2 ESTIMATOR 0. 0.
19.202 2 WP_MOVED 0 374931. 4223100. 75. 18
19.206 2 IR_SENSORS 511 -449 -960 62 511
19.226 2 COMMANDS 9600,0,0,0
19.233 2 NAVIGATION 1 2 0. 0. 0. 0. 0 0
19.248 2 DESIRED 0. 0. 0. 0. 0. 50. 0. 18.
19.297 2 GPS 0 0 0 0 0 0 0 0 0 0 1
19.300 2 ESTIMATOR 0. 0.
19.304 2 BAT 0 362 1023 0 0 0 3 0 0
19.328 2 ACTUATORS 0,1500,1500,0,2000,0,0,1500
19.395 2 GPS 0 0 0 0 0 0 0 0 0 0 1
19.399 2 ESTIMATOR 0. 0.
19.476 2 COMMANDS 9600,0,0,0
19.482 2 NAVIGATION 1 2 0. 0. 0. 0. 0 0
19.496 2 GPS 0 0 0 0 0 0 0 0 0 0 1
19.500 2 ESTIMATOR 0. 0.
19.579 2 ACTUATORS 0,1500,1500,0,2000,0,0,1500
19.596 2 GPS 0 0 0 0 0 0 0 0 0 0 1
19.600 2 ESTIMATOR 0. 0.
19.601 2 ATTITUDE 0.095989 0. -1.317619
19.696 2 GPS 0 0 0 0 0 0 0 0 0 0 1
19.700 2 ESTIMATOR 0. 0.
19.702 2 WP_MOVED 1 374889. 4223058. 75. 18
19.726 2 COMMANDS 9600,0,0,0
19.732 2 NAVIGATION 1 2 0. 0. 0. 0. 0 0
19.775 2 BLOCK 2 2
19.784 2 NAVIGATION 2 0 0. 0. 0. 0. 0 0
19.796 2 GPS 0 0 0 0 0 0 0 0 0 0 1
19.799 2 ESTIMATOR 0. 0.
19.804 2 NAVIGATION 2 0 0. 0. 0. 0. 0 0
19.805 2 GPS_SOL 0 0 0 0
19.828 2 ACTUATORS 0,1500,1500,0,2000,0,0,1500
19.896 2 GPS 0 0 0 0 0 0 0 0 0 0 1
19.900 2 ESTIMATOR 0. 0.
19.930 2 DOWNLINK_STATUS 20 19044 868 0 959. 43. 5.24
19.979 2 NAVIGATION 2 1 0. 0. 0. 0. 0 0
19.982 2 COMMANDS 480,0,0,0
19.997 2 GPS 0 0 0 0 0 0 0 0 0 0 1
20.000 2 ESTIMATOR 0. 0.
20.079 2 ACTUATORS 0,1500,1500,0,1525,0,0,1500
20.096 2 GPS 0 0 0 0 0 0 0 0 0 0 1
20.098 2 ESTIMATOR 0. 0.
20.102 2 ATTITUDE 0.095989 0. -1.317619
20.196 2 GPS 0 0 0 0 0 0 0 0 0 0 1
20.198 2 ESTIMATOR 0. 0.
20.202 2 WP_MOVED 0 374931. 4223100. 75. 18
20.204 2 DL_VALUE 15 0.008
20.226 2 COMMANDS 480,0,0,0
20.233 2 NAVIGATION 2 2 0. 0. 0. 0. 0 0
20.296 2 GPS 0 0 0 0 0 0 0 0 0 0 1
20.298 2 ESTIMATOR 0. 0.
20.305 2 DESIRED 0. 0. 0. 0. 0. 50. 0. 18.
20.328 2 ACTUATORS 0,1500,1500,0,1525,0,0,1500
20.396 2 GPS 0 0 0 0 0 0 0 0 0 0 1
20.398 2 ESTIMATOR 0. 0.
20.402 2 BAT 0 362 1023 0 0 0 0 0 0
20.406 2 IR_SENSORS 511 -449 -960 62 511
20.420 2 PONG 
20.476 2 COMMANDS 480,0,0,0
20.482 2 NAVIGATION 2 2 0. 0. 0. 0. 0 0
20.496 2 GPS 0 0 0 0 0 0 0 0 0 0 1
20.498 2 ESTIMATOR 0. 0.
20.579 2 ACTUATORS 0,1500,1500,0,1525,0,0,1500
20.596 2 GPS 0 0 0 0 0 0 0 0 0 0 1
20.598 2 ESTIMATOR 0. 0.
20.602 2 ATTITUDE 0.095989 0. -1.317619
20.606 2 ENERGY 36.200001 0. 0 0.
20.696 2 GPS 0 0 0 0 0 0 0 0 0 0 1
20.698 2 ESTIMATOR 0. 0.
20.701 2 WP_MOVED 1 374889. 4223058. 75. 18
20.727 2 COMMANDS 480,0,0,0
20.730 2 NAVIGATION 2 2 0. 0. 0. 0. 0 0
20.776 2 FBW_STATUS 0 0 0 362 0 1518
20.796 2 GPS 0 0 0 0 0 0 0 0 0 0 1
20.798 2 ESTIMATOR 0. 0.
20.804 2 NAVIGATION 2 2 0. 0. 0. 0. 0 0
20.828 2 ACTUATORS 0,1500,1500,0,1525,0,0,1500
20.897 2 GPS 0 0 0 0 0 0 0 0 0 0 1
20.898 2 ESTIMATOR 0. 0.
20.932 2 DOWNLINK_STATUS 21 20003 912 0 959. 44. 5.08
20.978 2 NAVIGATION 2 2 0. 0. 0. 0. 0 0
20.979 2 COMMANDS 480,0,0,0
20.997 2 GPS 0 0 0 0 0 0 0 0 0 0 1
20.998 2 ESTIMATOR 0. 0.
20.999 2 CALIBRATION 0. 0
21.078 2 ACTUATORS 0,1500,1500,0,1525,0,0,1500
21.097 2 GPS 0 0 0 0 0 0 0 0 0 0 1
21.099 2 ESTIMATOR 0. 0.
21.100 2 ATTITUDE 0.095989 0. -1.317619
21.197 2 GPS 0 0 0 0 0 0 0 0 0 0 1
21.199 2 ESTIMATOR 0. 0.
21.203 2 WP_MOVED 0 374931. 4223100. 75. 18
21.228 2 COMMANDS 480,0,0,0
21.231 2 NAVIGATION 2 2 0. 0. 0. 0. 0 0
21.294 2 GPS 0 0 0 0 0 0 0 0 0 0 1
21.299 2 ESTIMATOR 0. 0.
21.327 2 ACTUATORS 0,1500,1500,0,1525,0,0,1500
21.347 2 DESIRED 0. 0. 0. 0. 0. 50. 0. 18.
21.396 2 GPS 0 0 0 0 0 0 0 0 0 0 1
21.397 2 ESTIMATOR 0. 0.
21.475 2 COMMANDS 480,0,0,0
21.481 2 NAVIGATION 2 2 0. 0. 0. 0. 0 0
21.495 2 GPS 0 0 0 0 0 0 0 0 0 0 1
21.497 2 ESTIMATOR 0. 0.
21.501 2 BAT 0 362 1023 0 0 0 2 0 0
21.578 2 ACTUATORS 0,1500,1500,0,1525,0,0,1500
21.595 2 GPS 0 0 0 0 0 0 0 0 0 0 1
21.597 2 ESTIMATOR 0. 0.
21.601 2 ATTITUDE 0.095989 0. -1.317619
21.603 2 IR_SENSORS 511 -449 -960 62 511
21.695 2 GPS 0 0 0 0 0 0 0 0 0 0 1
21.697 2 ESTIMATOR 0. 0.
21.701 2 WP_MOVED 1 374889. 4223058. 75. 18
21.704 2 DL_VALUE 16 0.25
21.725 2 COMMANDS 480,0,0,0
21.731 2 NAVIGATION 2 2 0. 0. 0. 0. 0 0
21.796 2 GPS 0 0 0 0 0 0 0 0 0 0 1
21.797 2 ESTIMATOR 0. 0.
21.803 2 NAVIGATION 2 2 0. 0. 0. 0. 0 0
21.805 2 GPS_SOL 0 0 0 0
21.827 2 ACTUATORS 0,1500,1500,0,1525,0,0,1500
21.896 2 GPS 0 0 0 0 0 0 0 0 0 0 1
21.897 2 ESTIMATOR 0. 0.
21.933 2 DOWNLINK_STATUS 22 20947 955 0 944. 43. 5.08
21.976 2 COMMANDS 480,0,0,0
21.979 2 NAVIGATION 2 2 0. 0. 0. 0. 0 0
21.996 2 GPS 0 0 0 0 0 0 0 0 0 0 1
21.999 2 ESTIMATOR 0. 0.
22.078 2 ACTUATORS 0,1500,1500,0,1525,0,0,1500
22.096 2 GPS 0 0 0 0 0 0 0 0 0 0 1
22.100 2 ESTIMATOR 0. 0.
22.101 2 ATTITUDE 0.095989 0. -1.317619
22.196 2 GPS 0 0 0 0 0 0 0 0 0 0 1
22.199 2 ESTIMATOR 0. 0.
22.201 2 WP_MOVED 0 374931. 4223100. 75. 18
22.227 2 NAVIGATION 2 2 0. 0. 0. 0. 0 0
22.232 2 COMMANDS 480,0,0,0
22.296 2 GPS 0 0 0 0 0 0 0 0 0 0 1
22.297 2 ESTIMATOR 0. 0.
22.328 2 ACTUATORS 0,1500,1500,0,1525,0,0,1500
22.397 2 GPS 0 0 0 0 0 0 0 0 0 0 1
22.397 2 ESTIMATOR 0. 0.
22.406 2 DESIRED 0. 0. 0. 0. 0. 50. 0. 18.
22.476 2 COMMANDS 480,0,0,0
22.480 2 NAVIGATION 2 2 0. 0. 0. 0. 0 0
22.496 2 GPS 0 0 0 0 0 0 0 0 0 0 1
22.497 2 ESTIMATOR 0. 0.
22.578 2 ACTUATORS 0,1500,1500,0,1525,0,0,1500
22.595 2 GPS 0 0 0 0 0 0 0 0 0 0 1
22.597 2 ESTIMATOR 0. 0.
22.602 2 ATTITUDE 0.095989 0. -1.317619
22.605 2 BAT 0 362 1023 0 0 0 3 0 0
22.696 2 GPS 0 0 0 0 0 0 0 0 0 0 1
22.697 2 ESTIMATOR 0. 0.
22.702 2 WP_MOVED 1 374889. 4223058. 75. 18
22.726 2 COMMANDS 480,0,0,0
22.730 2 NAVIGATION 2 2 0. 0. 0. 0. 0 0
22.776 2 FBW_STATUS 0 0 0 362 0 1638
22.796 2 GPS 0 0 0 0 0 0 0 0 0 0 1
22.797 2 ESTIMATOR 0. 0.
22.803 2 NAVIGATION 2 2 0. 0. 0. 0. 0 0
22.805 2 IR_SENSORS 511 -449 -960 62 511
22.828 2 ACTUATORS 0,1500,1500,0,1525,0,0,1500
22.888 2 BLOCK 3 2
22.896 2 GPS 0 0 0 0 0 0 0 0 0 0 1
22.897 2 ESTIMATOR 0. 0.
22.903 2 NAVIGATION 3 0 0. 0. 0. 0. 0 0
22.935 2 DOWNLINK_STATUS 23 21895 997 0 948. 42. 5.08
22.977 2 NAVIGATION 3 1 0. 0. 0. 0. 0 0
22.979 2 COMMANDS 480,0,0,960
22.996 2 GPS 0 0 0 0 0 0 0 0 0 0 1
22.997 2 ESTIMATOR 0. 0.
23.078 2 ACTUATORS 0,1500,1540,0,1525,0,0,1500
23.096 2 GPS 0 0 0 0 0 0 0 0 0 0 1
23.097 2 ESTIMATOR 0. 0.
23.102 2 ATTITUDE 0.095989 0. -1.317619
23.103 2 CALIBRATION 0. 0
23.107 2 ENERGY 36.200001 0. 0 0.
23.196 2 GPS 0 0 0 0 0 0 0 0 0 0 1
23.198 2 ESTIMATOR 0. 0.
23.202 2 WP_MOVED 0 374931. 4223100. 75. 18
23.204 2 DL_VALUE 17 0.
23.207 2 ALIVE 96,64,207,125,2,118,210,48,184,129,61,24,173,230,125,202
23.226 2 COMMANDS 480,0,0,960
23.230 2 NAVIGATION 3 2 0. 0. 0. 0. 0 0
23.296 2 GPS 0 0 0 0 0 0 0 0 0 0 1
23.297 2 ESTIMATOR 0. 0.
23.299 2 PPRZ_MODE 1 0 0 0 0 17
23.327 2 ACTUATORS 0,1500,1540,0,1525,0,0,1500
23.396 2 GPS 0 0 0 0 0 0 0 0 0 0 1
23.398 2 ESTIMATOR 0. 0.
23.446 2 DESIRED 0. 0. 0. 0. 0. 50. 0. 18.
23.476 2 COMMANDS 480,0,0,960
23.480 2 NAVIGATION 3 2 0. 0. 0. 0. 0 0
23.496 2 GPS 0 0 0 0 0 0 0 0 0 0 1
23.498 2 ESTIMATOR 0. 0.
23.499 2 STATE_FILTER_STATUS 3 1533
23.578 2 ACTUATORS 0,1500,1540,0,1525,0,0,1500
23.595 2 GPS 0 0 0 0 0 0 0 0 0 0 1
23.597 2 ESTIMATOR 0. 0.
23.602 2 ATTITUDE 0.095989 0. -1.317619
23.697 2 GPS 0 0 0 0 0 0 0 0 0 0 1
23.698 2 ESTIMATOR 0. 0.
23.702 2 WP_MOVED 1 374889. 4223058. 75. 18
23.705 2 BAT 960 362 1023 0 0 0 1 0 0
23.726 2 COMMANDS 480,0,0,960
23.730 2 NAVIGATION 3 2 0. 0. 0. 0. 0 0
23.796 2 GPS 0 0 0 0 0 0 0 0 0 0 1
23.798 2 ESTIMATOR 0. 0.
23.802 2 NAVIGATION 3 2 0. 0. 0. 0. 0 0
23.806 2 GPS_SOL 0 0 0 0
23.827 2 ACTUATORS 0,1500,1540,0,1525,0,0,1500
23.875 2 WIND_INFO 2 42 0. 0. 0.
23.896 2 GPS 0 0 0 0 0 0 0 0 0 0 1
23.897 2 ESTIMATOR 0. 0.
23.936 2 DOWNLINK_STATUS 24 22887 1043 0 992. 46. 5.08
23.976 2 COMMANDS 480,0,0,960
23.980 2 NAVIGATION 3 2 0. 0. 0. 0. 0 0
23.997 2 GPS 0 0 0 0 0 0 0 0 0 0 1
23.998 2 ESTIMATOR 0. 0.
24.002 2 IR_SENSORS 511 -449 -960 62 511
24.079 2 ACTUATORS 0,1500,1540,0,1525,0,0,1500
24.096 2 GPS 0 0 0 0 0 0 0 0 0 0 1
24.098 2 ESTIMATOR 0. 0.
24.102 2 ATTITUDE 0.095989 0. -1.317619
24.103 2 DOWNLINK 1 961 1202
24.197 2 GPS 0 0 0 0 0 0 0 0 0 0 1
24.198 2 ESTIMATOR 0. 0.
24.202 2 WP_MOVED 0 374931. 4223100. 75. 18
24.226 2 COMMANDS 480,0,0,960
24.230 2 NAVIGATION 3 2 0. 0. 0. 0. 0 0
24.296 2 GPS 0 0 0 0 0 0 0 0 0 0 1
24.298 2 ESTIMATOR 0. 0.
24.328 2 ACTUATORS 0,1500,1540,0,1525,0,0,1500
24.397 2 GPS 0 0 0 0 0 0 0 0 0 0 1
24.398 2 ESTIMATOR 0. 0.
24.476 2 COMMANDS 480,0,0,960
24.480 2 NAVIGATION 3 2 0. 0. 0. 0. 0 0
24.496 2 GPS 0 0 0 0 0 0 0 0 0 0 1
24.498 2 ESTIMATOR 0. 0.
24.504 2 DESIRED 0. 0. 0. 0. 0. 50. 0. 18.
24.578 2 ACTUATORS 0,1500,1540,0,1525,0,0,1500
24.596 2 GPS 0 0 0 0 0 0 0 0 0 0 1
24.597 2 ESTIMATOR 0. 0.
24.601 2 ATTITUDE 0.095989 0. -1.317619
24.696 2 GPS 0 0 0 0 0 0 0 0 0 0 1
24.698 2 ESTIMATOR 0. 0.
24.702 2 WP_MOVED 1 374889. 4223058. 75. 18
24.704 2 DL_VALUE 18 0.15
24.726 2 COMMANDS 480,0,0,960
24.730 2 NAVIGATION 3 2 0. 0. 0. 0. 0 0
24.777 2 FBW_STATUS 0 0 0 362 0 1758
24.796 2 GPS 0 0 0 0 0 0 0 0 0 0 1
24.798 2 ESTIMATOR 0. 0.
24.804 2 NAVIGATION 3 2 0. 0. 0. 0. 0 0
24.807 2 BAT 960 362 1023 0 0 0 2 0 0
24.827 2 ACTUATORS 0,1500,1540,0,1525,0,0,1500
24.897 2 GPS 0 0 0 0 0 0 0 0 0 0 1
24.898 2 ESTIMATOR 0. 0.
24.937 2 DOWNLINK_STATUS 25 23831 1086 0 944. 43. 5.08
24.976 2 COMMANDS 480,0,0,960
24.980 2 NAVIGATION 3 2 0. 0. 0. 0. 0 0
24.996 2 GPS 0 0 0 0 0 0 0 0 0 0 1
24.998 2 ESTIMATOR 0. 0.
25.078 2 ACTUATORS 0,1500,1540,0,1525,0,0,1500
25.097 2 GPS 0 0 0 0 0 0 0 0 0 0 1
25.098 2 ESTIMATOR 0. 0.
25.102 2 ATTITUDE 0.095989 0. -1.317619
25.196 2 GPS 0 0 0 0 0 0 0 0 0 0 1
25.197 2 ESTIMATOR 0. 0.
25.202 2 WP_MOVED 0 374931. 4223100. 75. 18
25.203 2 IR_SENSORS 511 -449 -960 62 511
25.206 2 CALIBRATION 0. 0
25.226 2 COMMANDS 480,0,0,960
25.230 2 NAVIGATION 3 2 0. 0. 0. 0. 0 0
25.295 2 GPS 0 0 0 0 0 0 0 0 0 0 1
25.297 2 ESTIMATOR 0. 0.
25.328 2 ACTUATORS 0,1500,1540,0,1525,0,0,1500
25.395 2 GPS 0 0 0 0 0 0 0 0 0 0 1
25.397 2 ESTIMATOR 0. 0.
25.421 2 PONG 
25.476 2 COMMANDS 480,0,0,960
25.479 2 NAVIGATION 3 2 0. 0. 0. 0. 0 0
25.495 2 GPS 0 0 0 0 0 0 0 0 0 0 1
25.497 2 ESTIMATOR 0. 0.
25.548 2 DESIRED 0. 0. 0. 0. 0. 50. 0. 18.
25.578 2 ACTUATORS 0,1500,1540,0,1525,0,0,1500
25.596 2 GPS 0 0 0 0 0 0 0 0 0 0 1
25.597 2 ESTIMATOR 0. 0.
25.601 2 ATTITUDE 0.095989 0. -1.317619
25.605 2 ENERGY 36.200001 0. 0 0.
25.696 2 GPS 0 0 0 0 0 0 0 0 0 0 1
25.697 2 ESTIMATOR 0. 0.
25.701 2 WP_MOVED 1 374889. 4223058. 75. 18
25.703 2 NAVIGATION_REF 374889 4223058 18
25.725 2 COMMANDS 480,0,0,960
25.729 2 NAVIGATION 3 2 0. 0. 0. 0. 0 0
25.795 2 GPS 0 0 0 0 0 0 0 0 0 0 1
25.797 2 ESTIMATOR 0. 0.
25.802 2 NAVIGATION 3 2 0. 0. 0. 0. 0 0
25.806 2 GPS_SOL 0 0 0 0
25.828 2 ACTUATORS 0,1500,1540,0,1525,0,0,1500
25.896 2 GPS 0 0 0 0 0 0 0 0 0 0 1
25.897 2 ESTIMATOR 0. 0.
25.902 2 BAT 960 362 1023 0 0 0 3 0 0
25.938 2 DOWNLINK_STATUS 26 24805 1131 0 974. 45. 6.
25.977 2 NAVIGATION 3 2 0. 0. 0. 0. 0 0
25.979 2 COMMANDS 480,0,0,960
25.995 2 GPS 0 0 0 0 0 0 0 0 0 0 1
25.997 2 ESTIMATOR 0. 0.
26.078 2 ACTUATORS 0,1500,1540,0,1525,0,0,1500
26.096 2 GPS 0 0 0 0 0 0 0 0 0 0 1
26.097 2 ESTIMATOR 0. 0.
26.100 2 BLOCK 4 2
26.101 2 ATTITUDE 0.095989 0. -1.317619
26.110 2 NAVIGATION 4 0 0. 0. 0. 0. 0 0
26.195 2 GPS 0 0 0 0 0 0 0 0 0 0 1
26.197 2 ESTIMATOR 0. 0.
26.202 2 WP_MOVED 0 374931. 4223100. 75. 18
26.204 2 DL_VALUE 19 0.14
26.226 2 COMMANDS 480,0,0,960
26.230 2 NAVIGATION 4 1 0. 0. 0. 0. 0 0
26.296 2 GPS 0 0 0 0 0 0 0 0 0 0 1
26.297 2 ESTIMATOR 0. 0.
26.328 2 ACTUATORS 0,1500,1560,0,1525,0,0,1500
26.396 2 GPS 0 0 0 0 0 0 0 0 0 0 1
26.397 2 ESTIMATOR 0. 0.
26.401 2 IR_SENSORS 511 -449 -960 62 511
26.476 2 COMMANDS 480,0,0,1440
26.480 2 NAVIGATION 4 2 0. 0. 0. 0. 0 0
26.495 2 GPS 0 0 0 0 0 0 0 0 0 0 1
26.497 2 ESTIMATOR 0. 0.
26.578 2 ACTUATORS 0,1500,1560,0,1525,0,0,1500
26.595 2 GPS 0 0 0 0 0 0 0 0 0 0 1
26.597 2 ESTIMATOR 0. 0.
26.602 2 ATTITUDE 0.095989 0. -1.317619
26.608 2 DESIRED 0. 0. 0. 0. 0. 50. 0. 18.
26.696 2 GPS 0 0 0 0 0 0 0 0 0 0 1
26.698 2 ESTIMATOR 0. 0.
26.702 2 WP_MOVED 1 374889. 4223058. 75. 18
26.728 2 NAVIGATION 4 2 0. 0. 0. 0. 0 0
26.729 2 COMMANDS 480,0,0,1440
26.776 2 FBW_STATUS 0 0 0 362 0 1878
26.796 2 GPS 0 0 0 0 0 0 0 0 0 0 1
26.797 2 ESTIMATOR 0. 0.
26.802 2 NAVIGATION 4 2 0. 0. 0. 0. 0 0
26.828 2 ACTUATORS 0,1500,1560,0,1525,0,0,1500
26.896 2 GPS 0 0 0 0 0 0 0 0 0 0 1
26.897 2 ESTIMATOR 0. 0.
26.938 2 DOWNLINK_STATUS 27 25741 1173 0 936. 42. 6.
26.976 2 COMMANDS 480,0,0,1440
26.980 2 NAVIGATION 4 2 0. 0. 0. 0. 0 0
26.996 2 GPS 0 0 0 0 0 0 0 0 0 0 1
26.997 2 ESTIMATOR 0. 0.
27.002 2 BAT 1440 362 1023 0 0 0 1 0 0
27.078 2 ACTUATORS 0,1500,1560,0,1525,0,0,1500
27.096 2 GPS 0 0 0 0 0 0 0 0 0 0 1
27.097 2 ESTIMATOR 0. 0.
27.102 2 ATTITUDE 0.095989 0. -1.317619
27.195 2 GPS 0 0 0 0 0 0 0 0 0 0 1
27.197 2 ESTIMATOR 0. 0.
27.201 2 WP_MOVED 0 374931. 4223100. 75. 18
27.228 2 NAVIGATION 4 2 0. 0. 0. 0. 0 0
27.229 2 COMMANDS 480,0,0,1440
27.296 2 GPS 0 0 0 0 0 0 0 0 0 0 1
27.298 2 ESTIMATOR 0. 0.
27.299 2 CALIBRATION 0. 0
27.328 2 ACTUATORS 0,1500,1560,0,1525,0,0,1500
27.396 2 GPS 0 0 0 0 0 0 0 0 0 0 1
27.398 2 ESTIMATOR 0. 0.
27.476 2 COMMANDS 480,0,0,1440
27.480 2 NAVIGATION 4 2 0. 0. 0. 0. 0 0
27.495 2 GPS 0 0 0 0 0 0 0 0 0 0 1
27.498 2 ESTIMATOR 0. 0.
27.578 2 ACTUATORS 0,1500,1560,0,1525,0,0,1500
27.596 2 GPS 0 0 0 0 0 0 0 0 0 0 1
27.598 2 ESTIMATOR 0. 0.
27.602 2 ATTITUDE 0.095989 0. -1.317619
27.603 2 IR_SENSORS 511 -449 -960 62 511
27.647 2 DESIRED 0. 0. 0. 0. 0. 50. 0. 18.
27.697 2 GPS 0 0 0 0 0 0 0 0 0 0 1
27.698 2 ESTIMATOR 0. 0.
27.702 2 WP_MOVED 1 374889. 4223058. 75. 18
27.704 2 DL_VALUE 20 0.
27.726 2 COMMANDS 480,0,0,1440
27.729 2 NAVIGATION 4 2 0. 0. 0. 0. 0 0
27.795 2 GPS 0 0 0 0 0 0 0 0 0 0 1
27.797 2 ESTIMATOR 0. 0.
27.801 2 NAVIGATION 4 2 0. 0. 0. 0. 0 0
27.806 2 GPS_SOL 0 0 0 0
27.828 2 ACTUATORS 0,1500,1560,0,1525,0,0,1500
27.897 2 GPS 0 0 0 0 0 0 0 0 0 0 1
27.898 2 ESTIMATOR 0. 0.
27.939 2 DOWNLINK_STATUS 28 26685 1216 0 944. 43. 6.
27.978 2 NAVIGATION 4 2 0. 0. 0. 0. 0 0
27.979 2 COMMANDS 480,0,0,1440
27.997 2 GPS 0 0 0 0 0 0 0 0 0 0 1
27.998 2 ESTIMATOR 0. 0.
28.078 2 ACTUATORS 0,1500,1560,0,1525,0,0,1500
28.097 2 GPS 0 0 0 0 0 0 0 0 0 0 1
28.098 2 ESTIMATOR 0. 0.
28.102 2 ATTITUDE 0.095989 0. -1.317619
28.106 2 BAT 1440 362 1023 0 0 0 2 0 0
28.107 2 ENERGY 36.200001 0. 0 0.
28.196 2 GPS 0 0 0 0 0 0 0 0 0 0 1
28.198 2 ESTIMATOR 0. 0.
28.202 2 WP_MOVED 0 374931. 4223100. 75. 18
28.206 2 ALIVE 96,64,207,125,2,118,210,48,184,129,61,24,173,230,125,202
28.226 2 COMMANDS 480,0,0,1440
28.229 2 NAVIGATION 4 2 0. 0. 0. 0. 0 0
28.297 2 GPS 0 0 0 0 0 0 0 0 0 0 1
28.298 2 ESTIMATOR 0. 0.
28.300 2 PPRZ_MODE 1 0 0 0 0 17
28.326 2 ACTUATORS 0,1500,1560,0,1525,0,0,1500
28.396 2 GPS 0 0 0 0 0 0 0 0 0 0 1
28.397 2 ESTIMATOR 0. 0.
28.478 2 NAVIGATION 4 2 0. 0. 0. 0. 0 0
28.480 2 COMMANDS 480,0,0,1440
28.497 2 GPS 0 0 0 0 0 0 0 0 0 0 1
28.498 2 ESTIMATOR 0. 0.
28.499 2 STATE_FILTER_STATUS 3 1533
28.579 2 ACTUATORS 0,1500,1560,0,1525,0,0,1500
28.596 2 GPS 0 0 0 0 0 0 0 0 0 0 1
28.598 2 ESTIMATOR 0. 0.
28.599 2 ATTITUDE 0.095989 0. -1.317619
28.696 2 GPS 0 0 0 0 0 0 0 0 0 0 1
28.698 2 ESTIMATOR 0. 0.
28.702 2 WP_MOVED 1 374889. 4223058. 75. 18
28.708 2 DESIRED 0. 0. 0. 0. 0. 50. 0. 18.
28.725 2 COMMANDS 480,0,0,1440
28.730 2 NAVIGATION 4 2 0. 0. 0. 0. 0 0
28.776 2 FBW_STATUS 0 0 0 362 0 1998
28.796 2 GPS 0 0 0 0 0 0 0 0 0 0 1
28.798 2 ESTIMATOR 0. 0.
28.802 2 NAVIGATION 4 2 0. 0. 0. 0. 0 0
28.806 2 IR_SENSORS 511 -449 -960 62 511
28.827 2 ACTUATORS 0,1500,1560,0,1525,0,0,1500
28.896 2 GPS 0 0 0 0 0 0 0 0 0 0 1
28.897 2 ESTIMATOR 0. 0.
28.939 2 DOWNLINK_STATUS 29 27671 1261 0 986. 45. 6.
28.976 2 COMMANDS 480,0,0,1440
28.979 2 NAVIGATION 4 2 0. 0. 0. 0. 0 0
28.997 2 GPS 0 0 0 0 0 0 0 0 0 0 1
28.998 2 ESTIMATOR 0. 0.
29.076 2 ACTUATORS 0,1500,1560,0,1525,0,0,1500
29.096 2 GPS 0 0 0 0 0 0 0 0 0 0 1
29.098 2 ESTIMATOR 0. 0.
29.099 2 ATTITUDE 0.095989 0. -1.317619
29.195 2 GPS 0 0 0 0 0 0 0 0 0 0 1
29.198 2 ESTIMATOR 0. 0.
29.200 2 WP_MOVED 0 374931. 4223100. 75. 18
29.205 2 BAT 1440 362 1023 0 0 0 3 0 0
29.206 2 DL_VALUE 21 50.
29.208 2 DOWNLINK 1 954 1424
29.224 2 COMMANDS 480,0,0,1440
29.230 2 NAVIGATION 4 2 0. 0. 0. 0. 0 0
29.297 2 GPS 0 0 0 0 0 0 0 0 0 0 1
29.298 2 ESTIMATOR 0. 0.
29.328 2 ACTUATORS 0,1500,1560,0,1525,0,0,1500
29.394 2 GPS 0 0 0 0 0 0 0 0 0 0 1
29.396 2 ESTIMATOR 0. 0.
29.399 2 CALIBRATION 0. 0
29.476 2 COMMANDS 480,0,0,1440
29.479 2 NAVIGATION 4 2 0. 0. 0. 0. 0 0
29.495 2 GPS 0 0 0 0 0 0 0 0 0 0 1
29.498 2 ESTIMATOR 0. 0.
29.577 2 ACTUATORS 0,1500,1560,0,1525,0,0,1500
29.597 2 GPS 0 0 0 0 0 0 0 0 0 0 1
29.597 2 ESTIMATOR 0. 0.
29.601 2 ATTITUDE 0.095989 0. -1.317619
29.696 2 GPS 0 0 0 0 0 0 0 0 0 0 1
29.697 2 ESTIMATOR 0. 0.
29.701 2 WP_MOVED 1 374889. 4223058. 75. 18
29.726 2 COMMANDS 480,0,0,1440
29.729 2 NAVIGATION 4 2 0. 0. 0. 0. 0 0
29.746 2 DESIRED 0. 0. 0. 0. 0. 50. 0. 18.
29.769 2 BLOCK 5 2
29.779 2 NAVIGATION 5 0 0. 0. 0. 0. 0 0
29.795 2 GPS 0 0 0 0 0 0 0 0 0 0 1
29.797 2 ESTIMATOR 0. 0.
29.801 2 NAVIGATION 5 0 0. 0. 0. 0. 0 0
29.805 2 GPS_SOL 0 0 0 0
29.828 2 ACTUATORS 0,1500,1560,0,1525,0,0,1500
29.897 2 GPS 0 0 0 0 0 0 0 0 0 0 1
29.897 2 ESTIMATOR 0. 0.
29.940 2 DOWNLINK_STATUS 30 28636 1305 0 965. 44. 6.
29.976 2 COMMANDS 480,0,0,1440
29.980 2 NAVIGATION 5 1 0. 0. 0. 0. 0 0
29.996 2 GPS 0 0 0 0 0 0 0 0 0 0 1
29.998 2 ESTIMATOR 0. 0.
29.999 2 IR_SENSORS 511 -449 -960 62 511
30.078 2 ACTUATORS 0,1500,1580,0,1525,0,0,1500
30.096 2 GPS 0 0 0 0 0 0 0 0 0 0 1
30.097 2 ESTIMATOR 0. 0.
30.102 2 ATTITUDE 0.095989 0. -1.317619
30.197 2 GPS 0 0 0 0 0 0 0 0 0 0 1
30.197 2 ESTIMATOR 0. 0.
30.201 2 WP_MOVED 0 374931. 4223100. 75. 18
30.226 2 COMMANDS 480,0,0,1920
30.230 2 NAVIGATION 5 2 0. 0. 0. 0. 0 0
30.296 2 GPS 0 0 0 0 0 0 0 0 0 0 1
30.298 2 ESTIMATOR 0. 0.
30.301 2 BAT 1920 362 1023 0 0 0 0 0 0
30.328 2 ACTUATORS 0,1500,1580,0,1525,0,0,1500
30.396 2 GPS 0 0 0 0 0 0 0 0 0 0 1
30.397 2 ESTIMATOR 0. 0.
30.422 2 PONG 
30.476 2 COMMANDS 480,0,0,1920
30.479 2 NAVIGATION 5 2 0. 0. 0. 0. 0 0
30.496 2 GPS 0 0 0 0 0 0 0 0 0 0 1
30.497 2 ESTIMATOR 0. 0.
30.578 2 ACTUATORS 0,1500,1580,0,1525,0,0,1500
30.596 2 GPS 0 0 0 0 0 0 0 0 0 0 1
30.597 2 ESTIMATOR 0. 0.
30.602 2 ATTITUDE 0.095989 0. -1.317619
30.604 2 ENERGY 36.200001 0. 0 0.
30.696 2 GPS 0 0 0 0 0 0 0 0 0 0 1
30.697 2 ESTIMATOR 0. 0.
30.702 2 WP_MOVED 1 374889. 4223058. 75. 18
30.704 2 DL_VALUE 22 0.
30.725 2 COMMANDS 480,0,0,1920
30.730 2 NAVIGATION 5 2 0. 0. 0. 0. 0 0
30.776 2 FBW_STATUS 0 0 0 362 0 2118
30.795 2 GPS 0 0 0 0 0 0 0 0 0 0 1
30.797 2 ESTIMATOR 0. 0.
30.802 2 NAVIGATION 5 2 0. 0. 0. 0. 0 0
30.808 2 DESIRED 0. 0. 0. 0. 0. 50. 0. 18.
30.826 2 ACTUATORS 0,1500,1580,0,1525,0,0,1500
30.896 2 GPS 0 0 0 0 0 0 0 0 0 0 1
30.898 2 ESTIMATOR 0. 0.
30.940 2 DOWNLINK_STATUS 31 29595 1349 0 959. 44. 5.84
30.976 2 COMMANDS 480,0,0,1920
30.980 2 NAVIGATION 5 2 0. 0. 0. 0. 0 0
30.996 2 GPS 0 0 0 0 0 0 0 0 0 0 1
30.997 2 ESTIMATOR 0. 0.
31.078 2 ACTUATORS 0,1500,1580,0,1525,0,0,1500
31.097 2 GPS 0 0 0 0 0 0 0 0 0 0 1
31.098 2 ESTIMATOR 0. 0.
31.102 2 ATTITUDE 0.095989 0. -1.317619
31.196 2 GPS 0 0 0 0 0 0 0 0 0 0 1
31.198 2 ESTIMATOR 0. 0.
31.202 2 WP_MOVED 0 374931. 4223100. 75. 18
31.204 2 IR_SENSORS 511 -449 -960 62 511
31.226 2 COMMANDS 480,0,0,1920
31.230 2 NAVIGATION 5 2 0. 0. 0. 0. 0 0
31.296 2 GPS 0 0 0 0 0 0 0 0 0 0 1
31.298 2 ESTIMATOR 0. 0.
31.326 2 ACTUATORS 0,1500,1580,0,1525,0,0,1500
31.396 2 GPS 0 0 0 0 0 0 0 0 0 0 1
31.398 2 ESTIMATOR 0. 0.
31.402 2 BAT 1920 362 1023 0 0 0 1 0 0
31.476 2 COMMANDS 480,0,0,1920
31.480 2 NAVIGATION 5 2 0. 0. 0. 0. 0 0
31.496 2 GPS 0 0 0 0 0 0 0 0 0 0 1
31.497 2 ESTIMATOR 0. 0.
31.499 2 CALIBRATION 0. 0
31.576 2 ACTUATORS 0,1500,1580,0,1525,0,0,1500
31.596 2 GPS 0 0 0 0 0 0 0 0 0 0 1
31.598 2 ESTIMATOR 0. 0.
31.599 2 ATTITUDE 0.095989 0. -1.317619
31.697 2 GPS 0 0 0 0 0 0 0 0 0 0 1
31.698 2 ESTIMATOR 0. 0.
31.702 2 WP_MOVED 1 374889. 4223058. 75. 18
31.728 2 NAVIGATION 5 2 0. 0. 0. 0. 0 0
31.730 2 COMMANDS 480,0,0,1920
31.796 2 GPS 0 0 0 0 0 0 0 0 0 0 1
31.797 2 ESTIMATOR 0. 0.
31.802 2 NAVIGATION 5 2 0. 0. 0. 0. 0 0
31.803 2 GPS_SOL 0 0 0 0
31.826 2 ACTUATORS 0,1500,1580,0,1525,0,0,1500
31.846 2 DESIRED 0. 0. 0. 0. 0. 50. 0. 18.
31.896 2 GPS 0 0 0 0 0 0 0 0 0 0 1
31.898 2 ESTIMATOR 0. 0.
31.942 2 DOWNLINK_STATUS 32 30528 1391 0 933. 42. 5.84
31.976 2 COMMANDS 480,0,0,1920
31.979 2 NAVIGATION 5 2 0. 0. 0. 0. 0 0
31.997 2 GPS 0 0 0 0 0 0 0 0 0 0 1
31.998 2 ESTIMATOR 0. 0.
32.077 2 ACTUATORS 0,1500,1580,0,1525,0,0,1500
32.096 2 GPS 0 0 0 0 0 0 0 0 0 0 1
32.097 2 ESTIMATOR 0. 0.
32.099 2 ATTITUDE 0.095989 0. -1.317619
32.196 2 GPS 0 0 0 0 0 0 0 0 0 0 1
32.198 2 ESTIMATOR 0. 0.
32.202 2 WP_MOVED 0 374931. 4223100. 75. 18
32.202 2 DL_VALUE 23 0.
32.226 2 COMMANDS 480,0,0,1920
32.230 2 NAVIGATION 5 2 0. 0. 0. 0. 0 0
32.297 2 GPS 0 0 0 0 0 0 0 0 0 0 1
32.298 2 ESTIMATOR 0. 0.
32.327 2 ACTUATORS 0,1500,1580,0,1525,0,0,1500
32.394 2 GPS 0 0 0 0 0 0 0 0 0 0 1
32.398 2 ESTIMATOR 0. 0.
32.399 2 IR_SENSORS 511 -449 -960 62 511
32.476 2 COMMANDS 480,0,0,1920
32.480 2 NAVIGATION 5 2 0. 0. 0. 0. 0 0
32.497 2 GPS 0 0 0 0 0 0 0 0 0 0 1
32.498 2 ESTIMATOR 0. 0.
32.502 2 BAT 1920 362 1023 0 0 0 3 0 0
32.576 2 ACTUATORS 0,1500,1580,0,1525,0,0,1500
32.597 2 GPS 0 0 0 0 0 0 0 0 0 0 1
32.597 2 ESTIMATOR 0. 0.
32.600 2 ATTITUDE 0.095989 0. -1.317619
32.693 2 GPS 0 0 0 0 0 0 0 0 0 0 1
32.697 2 ESTIMATOR 0. 0.
32.699 2 WP_MOVED 1 374889. 4223058. 75. 18
32.726 2 COMMANDS 480,0,0,1920
32.730 2 NAVIGATION 5 2 0. 0. 0. 0. 0 0
32.776 2 FBW_STATUS 0 0 0 362 0 2238
32.796 2 GPS 0 0 0 0 0 0 0 0 0 0 1
32.798 2 ESTIMATOR 0. 0.
32.801 2 NAVIGATION 5 2 0. 0. 0. 0. 0 0
32.827 2 ACTUATORS 0,1500,1580,0,1525,0,0,1500
32.894 2 GPS 0 0 0 0 0 0 0 0 0 0 1
32.898 2 ESTIMATOR 0. 0.
32.903 2 DESIRED 0. 0. 0. 0. 0. 50. 0. 18.
32.944 2 DOWNLINK_STATUS 33 31461 1433 0 933. 42. 5.84
32.977 2 COMMANDS 480,0,0,1920
32.980 2 NAVIGATION 5 2 0. 0. 0. 0. 0 0
32.995 2 GPS 0 0 0 0 0 0 0 0 0 0 1
32.998 2 ESTIMATOR 0. 0.
33.077 2 ACTUATORS 0,1500,1580,0,1525,0,0,1500
33.095 2 GPS 0 0 0 0 0 0 0 0 0 0 1
33.098 2 ESTIMATOR 0. 0.
33.100 2 ATTITUDE 0.095989 0. -1.317619
33.104 2 ENERGY 36.200001 0. 0 0.
33.194 2 GPS 0 0 0 0 0 0 0 0 0 0 1
33.198 2 ESTIMATOR 0. 0.
33.200 2 WP_MOVED 0 374931. 4223100. 75. 18
33.204 2 ALIVE 96,64,207,125,2,118,210,48,184,129,61,24,173,230,125,202
33.225 2 COMMANDS 480,0,0,1920
33.228 2 NAVIGATION 5 2 0. 0. 0. 0. 0 0
33.248 2 BLOCK 6 2
33.257 2 NAVIGATION 6 0 0. 0. 0. 0. 0 0
33.296 2 GPS 0 0 0 0 0 0 0 0 0 0 1
33.297 2 ESTIMATOR 0. 0.
33.298 2 PPRZ_MODE 1 0 0 0 0 17
33.327 2 ACTUATORS 0,1500,1580,0,1525,0,0,1500
33.395 2 GPS 0 0 0 0 0 0 0 0 0 0 1
33.397 2 ESTIMATOR 0. 0.
33.474 2 COMMANDS 480,0,0,1920
33.478 2 NAVIGATION 6 1 0. 0. 0. 0. 0 0
33.495 2 GPS 0 0 0 0 0 0 0 0 0 0 1
33.497 2 ESTIMATOR 0. 0.
33.498 2 STATE_FILTER_STATUS 3 1533
33.577 2 ACTUATORS 0,1500,1600,0,1525,0,0,1500
33.594 2 GPS 0 0 0 0 0 0 0 0 0 0 1
33.596 2 ESTIMATOR 0. 0.
33.600 2 ATTITUDE 0.095989 0. -1.317619
33.605 2 BAT 2400 362 1023 0 0 0 1 0 0
33.606 2 IR_SENSORS 511 -449 -960 62 511
33.608 2 CALIBRATION 0. 0
33.694 2 GPS 0 0 0 0 0 0 0 0 0 0 1
33.696 2 ESTIMATOR 0. 0.
33.700 2 WP_MOVED 1 374889. 4223058. 75. 18
33.703 2 DL_VALUE 24 0.
33.727 2 NAVIGATION 6 2 0. 0. 0. 0. 0 0
33.728 2 COMMANDS 480,0,0,2400
33.795 2 GPS 0 0 0 0 0 0 0 0 0 0 1
33.796 2 ESTIMATOR 0. 0.
33.803 2 NAVIGATION 6 2 0. 0. 0. 0. 0 0
33.804 2 GPS_SOL 0 0 0 0
33.827 2 ACTUATORS 0,1500,1600,0,1525,0,0,1500
33.875 2 WIND_INFO 2 42 0. 0. 0.
33.895 2 GPS 0 0 0 0 0 0 0 0 0 0 1
33.896 2 ESTIMATOR 0. 0.
33.945 2 DOWNLINK_STATUS 34 32457 1480 0 996. 47. 5.84
33.947 2 DESIRED 0. 0. 0. 0. 0. 50. 0. 18.
33.975 2 COMMANDS 480,0,0,2400
33.979 2 NAVIGATION 6 2 0. 0. 0. 0. 0 0
33.995 2 GPS 0 0 0 0 0 0 0 0 0 0 1
33.996 2 ESTIMATOR 0. 0.
34.077 2 ACTUATORS 0,1500,1600,0,1525,0,0,1500
34.095 2 GPS 0 0 0 0 0 0 0 0 0 0 1
34.096 2 ESTIMATOR 0. 0.
34.100 2 ATTITUDE 0.095989 0. -1.317619
34.195 2 GPS 0 0 0 0 0 0 0 0 0 0 1
34.196 2 ESTIMATOR 0. 0.
34.200 2 WP_MOVED 0 374931. 4223100. 75. 18
34.225 2 COMMANDS 480,0,0,2400
34.228 2 NAVIGATION 6 2 0. 0. 0. 0. 0 0
34.295 2 GPS 0 0 0 0 0 0 0 0 0 0 1
34.296 2 ESTIMATOR 0. 0.
34.298 2 DOWNLINK 1 956 1646
34.328 2 ACTUATORS 0,1500,1600,0,1525,0,0,1500
34.395 2 GPS 0 0 0 0 0 0 0 0 0 0 1
34.396 2 ESTIMATOR 0. 0.
34.475 2 COMMANDS 480,0,0,2400
34.478 2 NAVIGATION 6 2 0. 0. 0. 0. 0 0
34.495 2 GPS 0 0 0 0 0 0 0 0 0 0 1
34.496 2 ESTIMATOR 0. 0.
34.577 2 ACTUATORS 0,1500,1600,0,1525,0,0,1500
34.595 2 GPS 0 0 0 0 0 0 0 0 0 0 1
34.597 2 ESTIMATOR 0. 0.
34.600 2 ATTITUDE 0.095989 0. -1.317619
34.694 2 GPS 0 0 0 0 0 0 0 0 0 0 1
34.696 2 ESTIMATOR 0. 0.
34.700 2 WP_MOVED 1 374889. 4223058. 75. 18
34.705 2 BAT 2400 362 1023 0 0 0 2 0 0
34.706 2 NAVIGATION_REF 374889 4223058 18
34.725 2 COMMANDS 480,0,0,2400
34.729 2 NAVIGATION 6 2 0. 0. 0. 0. 0 0
34.775 2 FBW_STATUS 0 0 0 362 0 2358
34.795 2 GPS 0 0 0 0 0 0 0 0 0 0 1
34.797 2 ESTIMATOR 0. 0.
34.800 2 NAVIGATION 6 2 0. 0. 0. 0. 0 0
34.805 2 IR_SENSORS 511 -448 -959 63 511
34.827 2 ACTUATORS 0,1500,1600,0,1525,0,0,1500
34.895 2 GPS 0 0 0 0 0 0 0 0 0 0 1
34.896 2 ESTIMATOR 0. 0.
34.945 2 DOWNLINK_STATUS 35 33405 1523 0 948. 43. 5.84
34.975 2 COMMANDS 480,0,0,2400
34.978 2 NAVIGATION 6 2 0. 0. 0. 0. 0 0
34.996 2 GPS 0 0 0 0 0 0 0 0 0 0 1
34.997 2 ESTIMATOR 0. 0.
35.003 2 DESIRED 0. 0. 0. 0. 0. 50. 0. 18.
35.076 2 ACTUATORS 0,1500,1600,0,1525,0,0,1500
35.095 2 GPS 0 0 0 0 0 0 0 0 0 0 1
35.096 2 ESTIMATOR 0. 0.
35.101 2 ATTITUDE 0.095989 0. -1.317619
35.195 2 GPS 0 0 0 0 0 0 0 0 0 0 1
35.197 2 ESTIMATOR 0. 0.
35.200 2 WP_MOVED 0 374931. 4223100. 75. 18
35.203 2 DL_VALUE 25 100.
35.225 2 COMMANDS 480,0,0,2400
35.228 2 NAVIGATION 6 2 0. 0. 0. 0. 0 0
35.295 2 GPS 0 0 0 0 0 0 0 0 0 0 1
35.296 2 ESTIMATOR 0. 0.
35.327 2 ACTUATORS 0,1500,1600,0,1525,0,0,1500
35.395 2 GPS 0 0 0 0 0 0 0 0 0 0 1
35.397 2 ESTIMATOR 0. 0.
35.423 2 PONG 
35.476 2 COMMANDS 480,0,0,2400
35.479 2 NAVIGATION 6 2 0. 0. 0. 0. 0 0
35.495 2 GPS 0 0 0 0 0 0 0 0 0 0 1
35.497 2 ESTIMATOR 0. 0.
35.577 2 ACTUATORS 0,1500,1600,0,1525,0,0,1500
35.596 2 GPS 0 0 0 0 0 0 0 0 0 0 1
35.597 2 ESTIMATOR 0. 0.
35.601 2 ATTITUDE 0.095989 0. -1.317619
35.602 2 ENERGY 36.200001 0. 0 0.
35.695 2 GPS 0 0 0 0 0 0 0 0 0 0 1
35.696 2 ESTIMATOR 0. 0.
35.701 2 WP_MOVED 1 374889. 4223058. 75. 18
35.702 2 CALIBRATION 0. 0
35.726 2 COMMANDS 480,0,0,2400
35.729 2 NAVIGATION 6 2 0. 0. 0. 0. 0 0
35.795 2 GPS 0 0 0 0 0 0 0 0 0 0 1
35.797 2 ESTIMATOR 0. 0.
35.801 2 NAVIGATION 6 2 0. 0. 0. 0. 0 0
35.805 2 BAT 2400 362 1023 0 0 0 3 0 0
35.809 2 GPS_SOL 0 0 0 0
35.827 2 ACTUATORS 0,1500,1600,0,1525,0,0,1500
35.895 2 GPS 0 0 0 0 0 0 0 0 0 0 1
35.897 2 ESTIMATOR 0. 0.
35.947 2 DOWNLINK_STATUS 36 34359 1567 0 954. 44. 6.31
35.975 2 COMMANDS 480,0,0,2400
35.979 2 NAVIGATION 6 2 0. 0. 0. 0. 0 0
35.995 2 GPS 0 0 0 0 0 0 0 0 0 0 1
35.997 2 ESTIMATOR 0. 0.
35.998 2 IR_SENSORS 511 -449 -960 62 511
36.046 2 DESIRED 0. 0. 0. 0. 0. 50. 0. 18.
36.077 2 ACTUATORS 0,1500,1600,0,1525,0,0,1500
36.096 2 GPS 0 0 0 0 0 0 0 0 0 0 1
36.097 2 ESTIMATOR 0. 0.
36.101 2 ATTITUDE 0.095989 0. -1.317619
36.195 2 GPS 0 0 0 0 0 0 0 0 0 0 1
36.196 2 ESTIMATOR 0. 0.
36.201 2 WP_MOVED 0 374931. 4223100. 75. 18
36.227 2 NAVIGATION 6 2 0. 0. 0. 0. 0 0
36.229 2 COMMANDS 480,0,0,2400
36.296 2 GPS 0 0 0 0 0 0 0 0 0 0 1
36.297 2 ESTIMATOR 0. 0.
36.327 2 ACTUATORS 0,1500,1600,0,1525,0,0,1500
36.395 2 GPS 0 0 0 0 0 0 0 0 0 0 1
36.397 2 ESTIMATOR 0. 0.
36.476 2 COMMANDS 480,0,0,2400
36.479 2 NAVIGATION 6 2 0. 0. 0. 0. 0 0
36.496 2 GPS 0 0 0 0 0 0 0 0 0 0 1
36.497 2 ESTIMATOR 0. 0.
36.577 2 ACTUATORS 0,1500,1600,0,1525,0,0,1500
36.596 2 GPS 0 0 0 0 0 0 0 0 0 0 1
36.597 2 ESTIMATOR 0. 0.
36.601 2 ATTITUDE 0.095989 0. -1.317619
36.695 2 GPS 0 0 0 0 0 0 0 0 0 0 1
36.697 2 ESTIMATOR 0. 0.
36.701 2 WP_MOVED 1 374889. 4223058. 75. 18
36.703 2 DL_VALUE 26 0.
36.725 2 COMMANDS 480,0,0,2400
36.729 2 NAVIGATION 6 2 0. 0. 0. 0. 0 0
36.775 2 FBW_STATUS 0 0 0 362 0 2478
36.795 2 GPS 0 0 0 0 0 0 0 0 0 0 1
36.797 2 ESTIMATOR 0. 0.
36.801 2 NAVIGATION 6 2 0. 0. 0. 0. 0 0
36.827 2 ACTUATORS 0,1500,1600,0,1525,0,0,1500
36.895 2 GPS 0 0 0 0 0 0 0 0 0 0 1
36.896 2 ESTIMATOR 0. 0.
36.900 2 BAT 2400 362 1023 0 0 0 4 0 0
36.948 2 DOWNLINK_STATUS 37 35292 1609 0 933. 42. 6.31
36.975 2 COMMANDS 480,0,0,2400
36.979 2 NAVIGATION 6 2 0. 0. 0. 0. 0 0
36.996 2 GPS 0 0 0 0 0 0 0 0 0 0 1
36.997 2 ESTIMATOR 0. 0.
37.076 2 ACTUATORS 0,1500,1600,0,1525,0,0,1500
37.095 2 GPS 0 0 0 0 0 0 0 0 0 0 1
37.097 2 ESTIMATOR 0. 0.
37.101 2 ATTITUDE 0.095989 0. -1.317619
37.107 2 DESIRED 0. 0. 0. 0. 0. 50. 0. 18.
37.194 2 GPS 0 0 0 0 0 0 0 0 0 0 1
37.196 2 ESTIMATOR 0. 0.
37.201 2 WP_MOVED 0 374931. 4223100. 75. 18
37.203 2 IR_SENSORS 511 -449 -960 62 511
37.225 2 COMMANDS 480,0,0,2400
37.229 2 NAVIGATION 6 2 0. 0. 0. 0. 0 0
37.295 2 GPS 0 0 0 0 0 0 0 0 0 0 1
37.297 2 ESTIMATOR 0. 0.
37.326 2 ACTUATORS 0,1500,1600,0,1525,0,0,1500
37.394 2 GPS 0 0 0 0 0 0 0 0 0 0 1
37.396 2 ESTIMATOR 0. 0.
37.477 2 NAVIGATION 6 2 0. 0. 0. 0. 0 0
37.478 2 COMMANDS 480,0,0,2400
37.494 2 GPS 0 0 0 0 0 0 0 0 0 0 1
37.496 2 ESTIMATOR 0. 0.
37.577 2 ACTUATORS 0,1500,1600,0,1525,0,0,1500
37.595 2 GPS 0 0 0 0 0 0 0 0 0 0 1
37.596 2 ESTIMATOR 0. 0.
37.600 2 ATTITUDE 0.095989 0. -1.317619
37.695 2 GPS 0 0 0 0 0 0 0 0 0 0 1
37.697 2 ESTIMATOR 0. 0.
37.700 2 WP_MOVED 1 374889. 4223058. 75. 18
37.725 2 COMMANDS 480,0,0,2400
37.728 2 NAVIGATION 6 2 0. 0. 0. 0. 0 0
37.795 2 GPS 0 0 0 0 0 0 0 0 0 0 1
37.796 2 ESTIMATOR 0. 0.
37.800 2 NAVIGATION 6 2 0. 0. 0. 0. 0 0
37.805 2 GPS_SOL 0 0 0 0
37.806 2 CALIBRATION 0. 0
37.827 2 ACTUATORS 0,1500,1600,0,1525,0,0,1500
37.894 2 GPS 0 0 0 0 0 0 0 0 0 0 1
37.896 2 ESTIMATOR 0. 0.
37.948 2 DOWNLINK_STATUS 38 36202 1650 0 910. 41. 6.31
37.975 2 COMMANDS 480,0,0,2400
37.979 2 NAVIGATION 6 2 0. 0. 0. 0. 0 0
37.995 2 GPS 0 0 0 0 0 0 0 0 0 0 1
37.996 2 ESTIMATOR 0. 0.
38.001 2 BAT 2400 362 1023 0 0 0 5 0 0
38.077 2 ACTUATORS 0,1500,1600,0,1525,0,0,1500
38.094 2 GPS 0 0 0 0 0 0 0 0 0 0 1
38.097 2 ESTIMATOR 0. 0.
38.101 2 ATTITUDE 0.095989 0. -1.317619
38.102 2 ENERGY 36.200001 0. 0 0.
38.145 2 DESIRED 0. 0. 0. 0. 0. 50. 0. 18.
38.195 2 GPS 0 0 0 0 0 0 0 0 0 0 1
38.196 2 ESTIMATOR 0. 0.
38.201 2 WP_MOVED 0 374931. 4223100. 75. 18
38.203 2 DL_VALUE 27 1.
38.207 2 ALIVE 96,64,207,125,2,118,210,48,184,129,61,24,173,230,125,202
38.225 2 COMMANDS 480,0,0,2400
38.228 2 NAVIGATION 6 2 0. 0. 0. 0. 0 0
38.295 2 GPS 0 0 0 0 0 0 0 0 0 0 1
38.297 2 ESTIMATOR 0. 0.
38.298 2 PPRZ_MODE 1 0 0 0 0 17
38.327 2 ACTUATORS 0,1500,1600,0,1525,0,0,1500
38.395 2 GPS 0 0 0 0 0 0 0 0 0 0 1
38.397 2 ESTIMATOR 0. 0.
38.398 2 IR_SENSORS 511 -449 -960 62 511
38.475 2 COMMANDS 480,0,0,2400
38.478 2 NAVIGATION 6 2 0. 0. 0. 0. 0 0
38.495 2 GPS 0 0 0 0 0 0 0 0 0 0 1
38.496 2 ESTIMATOR 0. 0.
38.498 2 STATE_FILTER_STATUS 3 1533
38.578 2 ACTUATORS 0,1500,1600,0,1525,0,0,1500
38.595 2 GPS 0 0 0 0 0 0 0 0 0 0 1
38.596 2 ESTIMATOR 0. 0.
38.601 2 ATTITUDE 0.095989 0. -1.317619
38.696 2 GPS 0 0 0 0 0 0 0 0 0 0 1
38.697 2 ESTIMATOR 0. 0.
38.700 2 WP_MOVED 1 374889. 4223058. 75. 18
38.724 2 COMMANDS 480,0,0,2400
38.728 2 NAVIGATION 6 2 0. 0. 0. 0. 0 0
38.775 2 FBW_STATUS 0 0 0 362 0 2598
38.795 2 GPS 0 0 0 0 0 0 0 0 0 0 1
38.797 2 ESTIMATOR 0. 0.
38.801 2 NAVIGATION 6 2 0. 0. 0. 0. 0 0
38.826 2 ACTUATORS 0,1500,1600,0,1525,0,0,1500
38.895 2 GPS 0 0 0 0 0 0 0 0 0 0 1
38.897 2 ESTIMATOR 0. 0.
38.950 2 DOWNLINK_STATUS 39 37199 1696 0 997. 46. 6.31
38.975 2 COMMANDS 480,0,0,2400
38.979 2 NAVIGATION 6 2 0. 0. 0. 0. 0 0
38.995 2 GPS 0 0 0 0 0 0 0 0 0 0 1
38.997 2 ESTIMATOR 0. 0.
39.075 2 ACTUATORS 0,1500,1600,0,1525,0,0,1500
39.096 2 GPS 0 0 0 0 0 0 0 0 0 0 1
39.096 2 ESTIMATOR 0. 0.
39.100 2 ATTITUDE 0.095989 0. -1.317619
39.104 2 BAT 2400 362 1023 0 0 0 6 0 0
39.196 2 GPS 0 0 0 0 0 0 0 0 0 0 1
39.197 2 ESTIMATOR 0. 0.
39.201 2 WP_MOVED 0 374931. 4223100. 75. 18
39.207 2 DESIRED 0. 0. 0. 0. 0. 50. 0. 18.
39.227 2 NAVIGATION 6 2 0. 0. 0. 0. 0 0
39.228 2 COMMANDS 480,0,0,2400
39.295 2 GPS 0 0 0 0 0 0 0 0 0 0 1
39.297 2 ESTIMATOR 0. 0.
39.325 2 ACTUATORS 0,1500,1600,0,1525,0,0,1500
39.395 2 GPS 0 0 0 0 0 0 0 0 0 0 1
39.397 2 ESTIMATOR 0. 0.
39.399 2 DOWNLINK 1 948 1866
39.476 2 COMMANDS 480,0,0,2400
39.479 2 NAVIGATION 6 2 0. 0. 0. 0. 0 0
39.495 2 GPS 0 0 0 0 0 0 0 0 0 0 1
39.496 2 ESTIMATOR 0. 0.
39.577 2 ACTUATORS 0,1500,1600,0,1525,0,0,1500
39.596 2 GPS 0 0 0 0 0 0 0 0 0 0 1
39.597 2 ESTIMATOR 0. 0.
39.598 2 ATTITUDE 0.095989 0. -1.317619
39.602 2 IR_SENSORS 511 -449 -960 62 511
39.695 2 GPS 0 0 0 0 0 0 0 0 0 0 1
39.697 2 ESTIMATOR 0. 0.
39.700 2 WP_MOVED 1 374889. 4223058. 75. 18
39.703 2 DL_VALUE 28 1.
39.725 2 COMMANDS 480,0,0,2400
39.729 2 NAVIGATION 6 2 0. 0. 0. 0. 0 0
39.796 2 GPS 0 0 0 0 0 0 0 0 0 0 1
39.797 2 ESTIMATOR 0. 0.
39.801 2 NAVIGATION 6 2 0. 0. 0. 0. 0 0
39.805 2 GPS_SOL 0 0 0 0
39.825 2 ACTUATORS 0,1500,1600,0,1525,0,0,1500
39.895 2 GPS 0 0 0 0 0 0 0 0 0 0 1
39.897 2 ESTIMATOR 0. 0.
39.898 2 CALIBRATION 0. 0
39.951 2 DOWNLINK_STATUS 40 38154 1740 0 955. 44. 6.31
39.975 2 COMMANDS 480,0,0,2400
39.978 2 NAVIGATION 6 2 0. 0. 0. 0. 0 0
39.996 2 GPS 0 0 0 0 0 0 0 0 0 0 1
39.997 2 ESTIMATOR 0. 0.
40.075 2 ACTUATORS 0,1500,1600,0,1525,0,0,1500
40.096 2 GPS 0 0 0 0 0 0 0 0 0 0 1
40.097 2 ESTIMATOR 0. 0.
40.098 2 ATTITUDE 0.095989 0. -1.317619
40.196 2 GPS 0 0 0 0 0 0 0 0 0 0 1
40.196 2 ESTIMATOR 0. 0.
40.201 2 WP_MOVED 0 374931. 4223100. 75. 18
40.205 2 BAT 2400 362 1023 0 0 0 7 0 0
40.225 2 COMMANDS 480,0,0,2400
40.229 2 NAVIGATION 6 2 0. 0. 0. 0. 0 0
40.245 2 DESIRED 0. 0. 0. 0. 0. 50. 0. 18.
40.294 2 GPS 0 0 0 0 0 0 0 0 0 0 1
40.296 2 ESTIMATOR 0. 0.
40.325 2 ACTUATORS 0,1500,1600,0,1525,0,0,1500
40.357 2 BLOCK 2 2
40.368 2 NAVIGATION 2 0 0. 0. 0. 0. 0 0
40.395 2 GPS 0 0 0 0 0 0 0 0 0 0 1
40.397 2 ESTIMATOR 0. 0.
40.423 2 PONG 
40.477 2 NAVIGATION 2 1 0. 0. 0. 0. 0 0
40.478 2 COMMANDS 480,0,0,2400
40.496 2 GPS 0 0 0 0 0 0 0 0 0 0 1
40.497 2 ESTIMATOR 0. 0.
40.576 2 ACTUATORS 0,1500,1600,0,1525,0,0,1500
40.596 2 GPS 0 0 0 0 0 0 0 0 0 0 1
40.597 2 ESTIMATOR 0. 0.
40.598 2 ATTITUDE 0.095989 0. -1.317619
40.603 2 ENERGY 36.200001 0. 0 0.
40.696 2 GPS 0 0 0 0 0 0 0 0 0 0 1
40.697 2 ESTIMATOR 0. 0.
40.700 2 WP_MOVED 1 374889. 4223058. 75. 18
40.728 2 NAVIGATION 2 2 0. 0. 0. 0. 0 0
40.729 2 COMMANDS 480,0,0,2400
40.775 2 FBW_STATUS 0 0 0 362 0 2718
40.795 2 GPS 0 0 0 0 0 0 0 0 0 0 1
40.797 2 ESTIMATOR 0. 0.
40.801 2 NAVIGATION 2 2 0. 0. 0. 0. 0 0
40.802 2 IR_SENSORS 511 -449 -960 62 511
40.824 2 ACTUATORS 0,1500,1600,0,1525,0,0,1500
40.895 2 GPS 0 0 0 0 0 0 0 0 0 0 1
40.897 2 ESTIMATOR 0. 0.
40.953 2 DOWNLINK_STATUS 41 39128 1784 0 974. 44. 5.34
40.976 2 COMMANDS 480,0,0,2400
40.979 2 NAVIGATION 2 2 0. 0. 0. 0. 0 0
40.993 2 GPS 0 0 0 0 0 0 0 0 0 0 1
40.997 2 ESTIMATOR 0. 0.
41.076 2 ACTUATORS 0,1500,1600,0,1525,0,0,1500
41.094 2 GPS 0 0 0 0 0 0 0 0 0 0 1
41.096 2 ESTIMATOR 0. 0.
41.101 2 ATTITUDE 0.095989 0. -1.317619
41.194 2 GPS 0 0 0 0 0 0 0 0 0 0 1
41.196 2 ESTIMATOR 0. 0.
41.200 2 WP_MOVED 0 374931. 4223100. 75. 18
41.202 2 DL_VALUE 29 0.
41.224 2 COMMANDS 480,0,0,2400
41.228 2 NAVIGATION 2 2 0. 0. 0. 0. 0 0
41.295 2 GPS 0 0 0 0 0 0 0 0 0 0 1
41.296 2 ESTIMATOR 0. 0.
41.304 2 DESIRED 0. 0. 0. 0. 0. 50. 0. 18.
41.308 2 BAT 2400 362 1023 0 0 0 1 0 0
41.326 2 ACTUATORS 0,1500,1600,0,1525,0,0,1500
41.394 2 GPS 0 0 0 0 0 0 0 0 0 0 1
41.395 2 ESTIMATOR 0. 0.
41.474 2 COMMANDS 480,0,0,2400
41.477 2 NAVIGATION 2 2 0. 0. 0. 0. 0 0
41.494 2 GPS 0 0 0 0 0 0 0 0 0 0 1
41.497 2 ESTIMATOR 0. 0.
41.576 2 ACTUATORS 0,1500,1600,0,1525,0,0,1500
41.594 2 GPS 0 0 0 0 0 0 0 0 0 0 1
41.597 2 ESTIMATOR 0. 0.
41.599 2 ATTITUDE 0.095989 0. -1.317619
41.695 2 GPS 0 0 0 0 0 0 0 0 0 0 1
41.697 2 ESTIMATOR 0. 0.
41.702 2 WP_MOVED 1 374889. 4223058. 75. 18
41.724 2 COMMANDS 480,0,0,2400
41.730 2 NAVIGATION 2 2 0. 0. 0. 0. 0 0
41.794 2 GPS 0 0 0 0 0 0 0 0 0 0 1
41.795 2 ESTIMATOR 0. 0.
41.802 2 NAVIGATION 2 2 0. 0. 0. 0. 0 0
41.803 2 GPS_SOL 0 0 0 0
41.826 2 ACTUATORS 0,1500,1600,0,1525,0,0,1500
41.894 2 GPS 0 0 0 0 0 0 0 0 0 0 1
41.895 2 ESTIMATOR 0. 0.
41.953 2 DOWNLINK_STATUS 42 40045 1825 0 917. 41. 5.34
41.976 2 NAVIGATION 2 2 0. 0. 0. 0. 0 0
41.980 2 COMMANDS 480,0,0,2400
41.994 2 GPS 0 0 0 0 0 0 0 0 0 0 1
41.995 2 ESTIMATOR 0. 0.
41.999 2 IR_SENSORS 511 -449 -960 62 511
42.001 2 CALIBRATION 0. 0
42.076 2 ACTUATORS 0,1500,1600,0,1525,0,0,1500
42.094 2 GPS 0 0 0 0 0 0 0 0 0 0 1
42.095 2 ESTIMATOR 0. 0.
42.100 2 ATTITUDE 0.095989 0. -1.317619
42.194 2 GPS 0 0 0 0 0 0 0 0 0 0 1
42.195 2 ESTIMATOR 0. 0.
42.200 2 WP_MOVED 0 374931. 4223100. 75. 18
42.223 2 COMMANDS 480,0,0,2400
42.228 2 NAVIGATION 2 2 0. 0. 0. 0. 0 0
42.295 2 GPS 0 0 0 0 0 0 0 0 0 0 1
42.299 2 ESTIMATOR 0. 0.
42.325 2 ACTUATORS 0,1500,1600,0,1525,0,0,1500
42.346 2 DESIRED 0. 0. 0. 0. 0. 50. 0. 18.
42.394 2 GPS 0 0 0 0 0 0 0 0 0 0 1
42.395 2 ESTIMATOR 0. 0.
42.400 2 BAT 2400 362 1023 0 0 0 2 0 0
42.474 2 COMMANDS 480,0,0,2400
42.481 2 NAVIGATION 2 2 0. 0. 0. 0. 0 0
42.494 2 GPS 0 0 0 0 0 0 0 0 0 0 1
42.495 2 ESTIMATOR 0. 0.
42.576 2 ACTUATORS 0,1500,1600,0,1525,0,0,1500
42.594 2 GPS 0 0 0 0 0 0 0 0 0 0 1
42.595 2 ESTIMATOR 0. 0.
42.599 2 ATTITUDE 0.095989 0. -1.317619
42.694 2 GPS 0 0 0 0 0 0 0 0 0 0 1
42.696 2 ESTIMATOR 0. 0.
42.700 2 WP_MOVED 1 374889. 4223058. 75. 18
42.702 2 DL_VALUE 30 0.
42.724 2 COMMANDS 480,0,0,2400
42.729 2 NAVIGATION 2 2 0. 0. 0. 0. 0 0
42.773 2 FBW_STATUS 0 0 0 362 0 2838
42.794 2 GPS 0 0 0 0 0 0 0 0 0 0 1
42.796 2 ESTIMATOR 0. 0.
42.802 2 NAVIGATION 2 2 0. 0. 0. 0. 0 0
42.826 2 ACTUATORS 0,1500,1600,0,1525,0,0,1500
42.894 2 GPS 0 0 0 0 0 0 0 0 0 0 1
42.895 2 ESTIMATOR 0. 0.
42.954 2 DOWNLINK_STATUS 43 40989 1868 0 944. 43. 5.34
42.974 2 COMMANDS 480,0,0,2400
42.978 2 NAVIGATION 2 2 0. 0. 0. 0. 0 0
42.994 2 GPS 0 0 0 0 0 0 0 0 0 0 1
42.996 2 ESTIMATOR 0. 0.
43.077 2 ACTUATORS 0,1500,1600,0,1525,0,0,1500
43.093 2 GPS 0 0 0 0 0 0 0 0 0 0 1
43.096 2 ESTIMATOR 0. 0.
43.099 2 ATTITUDE 0.095989 0. -1.317619
43.101 2 ENERGY 36.200001 0. 0 0.
43.193 2 GPS 0 0 0 0 0 0 0 0 0 0 1
43.195 2 ESTIMATOR 0. 0.
43.200 2 WP_MOVED 0 374931. 4223100. 75. 18
43.201 2 IR_SENSORS 511 -449 -960 62 511
43.205 2 ALIVE 96,64,207,125,2,118,210,48,184,129,61,24,173,230,125,202
43.224 2 COMMANDS 480,0,0,2400
43.228 2 NAVIGATION 2 2 0. 0. 0. 0. 0 0
43.293 2 GPS 0 0 0 0 0 0 0 0 0 0 1
43.295 2 ESTIMATOR 0. 0.
43.298 2 PPRZ_MODE 1 0 0 0 0 17
43.326 2 ACTUATORS 0,1500,1600,0,1525,0,0,1500
43.393 2 GPS 0 0 0 0 0 0 0 0 0 0 1
43.395 2 ESTIMATOR 0. 0.
43.402 2 DESIRED 0. 0. 0. 0. 0. 50. 0. 18.
43.476 2 NAVIGATION 2 2 0. 0. 0. 0. 0 0
43.477 2 COMMANDS 480,0,0,2400
43.494 2 GPS 0 0 0 0 0 0 0 0 0 0 1
43.496 2 ESTIMATOR 0. 0.
43.499 2 BAT 2400 362 1023 0 0 0 4 0 0
43.502 2 STATE_FILTER_STATUS 3 1533
43.577 2 ACTUATORS 0,1500,1600,0,1525,0,0,1500
43.594 2 GPS 0 0 0 0 0 0 0 0 0 0 1
43.596 2 ESTIMATOR 0. 0.
43.600 2 ATTITUDE 0.095989 0. -1.317619
43.693 2 GPS 0 0 0 0 0 0 0 0 0 0 1
43.695 2 ESTIMATOR 0. 0.
43.699 2 WP_MOVED 1 374889. 4223058. 75. 18
43.701 2 NAVIGATION_REF 374889 4223058 18
43.724 2 COMMANDS 480,0,0,2400
43.728 2 NAVIGATION 2 2 0. 0. 0. 0. 0 0
43.794 2 GPS 0 0 0 0 0 0 0 0 0 0 1
43.796 2 ESTIMATOR 0. 0.
43.800 2 NAVIGATION 2 2 0. 0. 0. 0. 0 0
43.804 2 GPS_SOL 0 0 0 0
43.826 2 ACTUATORS 0,1500,1600,0,1525,0,0,1500
43.876 2 WIND_INFO 2 42 0. 0. 0.
43.894 2 GPS 0 0 0 0 0 0 0 0 0 0 1
43.895 2 ESTIMATOR 0. 0.
43.954 2 DOWNLINK_STATUS 44 41990 1914 0 1001. 46. 5.34
43.974 2 COMMANDS 480,0,0,2400
43.978 2 NAVIGATION 2 2 0. 0. 0. 0. 0 0
43.995 2 GPS 0 0 0 0 0 0 0 0 0 0 1
43.996 2 ESTIMATOR 0. 0.
44.077 2 ACTUATORS 0,1500,1600,0,1525,0,0,1500
44.095 2 GPS 0 0 0 0 0 0 0 0 0 0 1
44.096 2 ESTIMATOR 0. 0.
44.100 2 ATTITUDE 0.095989 0. -1.317619
44.101 2 CALIBRATION 0. 0
44.194 2 GPS 0 0 0 0 0 0 0 0 0 0 1
44.195 2 ESTIMATOR 0. 0.
44.200 2 WP_MOVED 0 374931. 4223100. 75. 18
44.202 2 DL_VALUE 0 0.
44.224 2 COMMANDS 480,0,0,2400
44.228 2 NAVIGATION 2 2 0. 0. 0. 0. 0 0
44.294 2 GPS 0 0 0 0 0 0 0 0 0 0 1
44.296 2 ESTIMATOR 0. 0.
44.325 2 ACTUATORS 0,1500,1600,0,1525,0,0,1500
44.394 2 GPS 0 0 0 0 0 0 0 0 0 0 1
44.396 2 ESTIMATOR 0. 0.
44.400 2 IR_SENSORS 511 -449 -960 62 511
44.445 2 DESIRED 0. 0. 0. 0. 0. 50. 0. 18.
44.475 2 COMMANDS 480,0,0,2400
44.478 2 NAVIGATION 2 2 0. 0. 0. 0. 0 0
44.494 2 GPS 0 0 0 0 0 0 0 0 0 0 1
44.496 2 ESTIMATOR 0. 0.
44.498 2 DOWNLINK 1 959 2090
44.577 2 ACTUATORS 0,1500,1600,0,1525,0,0,1500
44.594 2 GPS 0 0 0 0 0 0 0 0 0 0 1
44.596 2 ESTIMATOR 0. 0.
44.600 2 ATTITUDE 0.095989 0. -1.317619
44.608 2 BAT 2400 362 1023 0 0 0 5 0 0
44.694 2 GPS 0 0 0 0 0 0 0 0 0 0 1
44.696 2 ESTIMATOR 0. 0.
44.700 2 WP_MOVED 1 374889. 4223058. 75. 18
44.723 2 COMMANDS 480,0,0,2400
44.728 2 NAVIGATION 2 2 0. 0. 0. 0. 0 0
44.774 2 FBW_STATUS 0 0 0 362 0 2958
44.795 2 GPS 0 0 0 0 0 0 0 0 0 0 1
44.796 2 ESTIMATOR 0. 0.
44.800 2 NAVIGATION 2 2 0. 0. 0. 0. 0 0
44.826 2 ACTUATORS 0,1500,1600,0,1525,0,0,1500
44.894 2 GPS 0 0 0 0 0 0 0 0 0 0 1
44.896 2 ESTIMATOR 0. 0.
44.954 2 DOWNLINK_STATUS 45 42945 1958 0 955. 44. 5.34
44.974 2 COMMANDS 480,0,0,2400
44.978 2 NAVIGATION 2 2 0. 0. 0. 0. 0 0
44.995 2 GPS 0 0 0 0 0 0 0 0 0 0 1
44.996 2 ESTIMATOR 0. 0.
45.076 2 ACTUATORS 0,1500,1600,0,1525,0,0,1500
45.094 2 GPS 0 0 0 0 0 0 0 0 0 0 1
45.095 2 ESTIMATOR 0. 0.
45.100 2 ATTITUDE 0.095989 0. -1.317619
45.194 2 GPS 0 0 0 0 0 0 0 0 0 0 1
45.196 2 ESTIMATOR 0. 0.
45.200 2 WP_MOVED 0 374931. 4223100. 75. 18
45.226 2 NAVIGATION 2 2 0. 0. 0. 0. 0 0
45.228 2 COMMANDS 480,0,0,2400
45.293 2 GPS 0 0 0 0 0 0 0 0 0 0 1
45.295 2 ESTIMATOR 0. 0.
45.326 2 ACTUATORS 0,1500,1600,0,1525,0,0,1500
45.394 2 GPS 0 0 0 0 0 0 0 0 0 0 1
45.396 2 ESTIMATOR 0. 0.
45.423 2 PONG 
45.474 2 COMMANDS 480,0,0,2400
45.477 2 NAVIGATION 2 2 0. 0. 0. 0. 0 0
45.494 2 GPS 0 0 0 0 0 0 0 0 0 0 1
45.497 2 ESTIMATOR 0. 0.
45.501 2 DESIRED 0. 0. 0. 0. 0. 50. 0. 18.
45.575 2 ACTUATORS 0,1500,1600,0,1525,0,0,1500
45.594 2 GPS 0 0 0 0 0 0 0 0 0 0 1
45.595 2 ESTIMATOR 0. 0.
45.599 2 ATTITUDE 0.095989 0. -1.317619
45.601 2 IR_SENSORS 511 -449 -960 62 511
45.606 2 ENERGY 36.200001 0. 0 0.
45.694 2 GPS 0 0 0 0 0 0 0 0 0 0 1
45.695 2 ESTIMATOR 0. 0.
45.700 2 WP_MOVED 1 374889. 4223058. 75. 18
45.703 2 BAT 2400 362 1023 0 0 0 6 0 0
45.706 2 DL_VALUE 1 0.
45.726 2 NAVIGATION 2 2 0. 0. 0. 0. 0 0
45.727 2 COMMANDS 480,0,0,2400
45.794 2 GPS 0 0 0 0 0 0 0 0 0 0 1
45.796 2 ESTIMATOR 0. 0.
45.801 2 NAVIGATION 2 2 0. 0. 0. 0. 0 0
45.803 2 GPS_SOL 0 0 0 0
45.826 2 ACTUATORS 0,1500,1600,0,1525,0,0,1500
45.895 2 GPS 0 0 0 0 0 0 0 0 0 0 1
45.896 2 ESTIMATOR 0. 0.
45.956 2 DOWNLINK_STATUS 46 43904 2002 0 959. 44. 4.42
45.974 2 COMMANDS 480,0,0,2400
45.978 2 NAVIGATION 2 2 0. 0. 0. 0. 0 0
45.994 2 GPS 0 0 0 0 0 0 0 0 0 0 1
45.996 2 ESTIMATOR 0. 0.
46.075 2 ACTUATORS 0,1500,1600,0,1525,0,0,1500
46.095 2 GPS 0 0 0 0 0 0 0 0 0 0 1
46.096 2 ESTIMATOR 0. 0.
46.099 2 ATTITUDE 0.095989 0. -1.317619
46.195 2 GPS 0 0 0 0 0 0 0 0 0 0 1
46.196 2 ESTIMATOR 0. 0.
46.200 2 WP_MOVED 0 374931. 4223100. 75. 18
46.202 2 CALIBRATION 0. 0
46.224 2 COMMANDS 480,0,0,2400
46.228 2 NAVIGATION 2 2 0. 0. 0. 0. 0 0
46.294 2 GPS 0 0 0 0 0 0 0 0 0 0 1
46.295 2 ESTIMATOR 0. 0.
46.324 2 ACTUATORS 0,1500,1600,0,1525,0,0,1500
46.395 2 GPS 0 0 0 0 0 0 0 0 0 0 1
46.396 2 ESTIMATOR 0. 0.
46.474 2 COMMANDS 480,0,0,2400
46.478 2 NAVIGATION 2 2 0. 0. 0. 0. 0 0
46.494 2 GPS 0 0 0 0 0 0 0 0 0 0 1
46.495 2 ESTIMATOR 0. 0.
46.545 2 DESIRED 0. 0. 0. 0. 0. 50. 0. 18.
46.575 2 ACTUATORS 0,1500,1600,0,1525,0,0,1500
46.595 2 GPS 0 0 0 0 0 0 0 0 0 0 1
46.596 2 ESTIMATOR 0. 0.
46.598 2 ATTITUDE 0.095989 0. -1.317619
46.694 2 GPS 0 0 0 0 0 0 0 0 0 0 1
46.696 2 ESTIMATOR 0. 0.
46.700 2 WP_MOVED 1 374889. 4223058. 75. 18
46.724 2 COMMANDS 480,0,0,2400
46.728 2 NAVIGATION 2 2 0. 0. 0. 0. 0 0
46.775 2 FBW_STATUS 0 0 0 362 0 3078
46.794 2 GPS 0 0 0 0 0 0 0 0 0 0 1
46.796 2 ESTIMATOR 0. 0.
46.800 2 NAVIGATION 2 2 0. 0. 0. 0. 0 0
46.806 2 BAT 2400 362 1023 0 0 0 7 0 0
46.806 2 IR_SENSORS 511 -449 -960 62 511
46.824 2 ACTUATORS 0,1500,1600,0,1525,0,0,1500
46.895 2 GPS 0 0 0 0 0 0 0 0 0 0 1
46.899 2 ESTIMATOR 0. 0.
46.956 2 DOWNLINK_STATUS 47 44837 2044 0 933. 42. 4.42
46.975 2 COMMANDS 480,0,0,2400
46.978 2 NAVIGATION 2 2 0. 0. 0. 0. 0 0
46.992 2 GPS 0 0 0 0 0 0 0 0 0 0 1
46.996 2 ESTIMATOR 0. 0.
47.076 2 ACTUATORS 0,1500,1600,0,1525,0,0,1500
47.095 2 GPS 0 0 0 0 0 0 0 0 0 0 1
47.097 2 ESTIMATOR 0. 0.
47.098 2 ATTITUDE 0.095989 0. -1.317619
47.195 2 GPS 0 0 0 0 0 0 0 0 0 0 1
47.196 2 ESTIMATOR 0. 0.
47.200 2 WP_MOVED 0 374931. 4223100. 75. 18
47.200 2 DL_VALUE 2 4486.
47.224 2 COMMANDS 480,0,0,2400
47.228 2 NAVIGATION 2 2 0. 0. 0. 0. 0 0
47.292 2 GPS 0 0 0 0 0 0 0 0 0 0 1
47.296 2 ESTIMATOR 0. 0.
47.324 2 ACTUATORS 0,1500,1600,0,1525,0,0,1500
47.393 2 GPS 0 0 0 0 0 0 0 0 0 0 1
47.396 2 ESTIMATOR 0. 0.
47.475 2 COMMANDS 480,0,0,2400
47.478 2 NAVIGATION 2 2 0. 0. 0. 0. 0 0
47.494 2 GPS 0 0 0 0 0 0 0 0 0 0 1
47.496 2 ESTIMATOR 0. 0.
47.575 2 ACTUATORS 0,1500,1600,0,1525,0,0,1500
47.595 2 GPS 0 0 0 0 0 0 0 0 0 0 1
47.596 2 ESTIMATOR 0. 0.
47.598 2 ATTITUDE 0.095989 0. -1.317619
47.606 2 DESIRED 0. 0. 0. 0. 0. 50. 0. 18.
47.693 2 GPS 0 0 0 0 0 0 0 0 0 0 1
47.697 2 ESTIMATOR 0. 0.
47.699 2 WP_MOVED 1 374889. 4223058. 75. 18
47.723 2 COMMANDS 480,0,0,2400
47.729 2 NAVIGATION 2 2 0. 0. 0. 0. 0 0
47.794 2 GPS 0 0 0 0 0 0 0 0 0 0 1
47.795 2 ESTIMATOR 0. 0.
47.801 2 NAVIGATION 2 2 0. 0. 0. 0. 0 0
47.802 2 GPS_SOL 0 0 0 0
47.824 2 ACTUATORS 0,1500,1600,0,1525,0,0,1500
47.893 2 GPS 0 0 0 0 0 0 0 0 0 0 1
47.897 2 ESTIMATOR 0. 0.
47.899 2 BAT 2400 362 1023 0 0 0 8 0 0
47.957 2 DOWNLINK_STATUS 48 45754 2085 0 917. 41. 4.42
47.975 2 NAVIGATION 2 2 0. 0. 0. 0. 0 0
47.978 2 COMMANDS 480,0,0,2400
47.993 2 GPS 0 0 0 0 0 0 0 0 0 0 1
47.995 2 ESTIMATOR 0. 0.
47.998 2 IR_SENSORS 511 -449 -960 62 511
48.076 2 ACTUATORS 0,1500,1600,0,1525,0,0,1500
48.094 2 GPS 0 0 0 0 0 0 0 0 0 0 1
48.095 2 ESTIMATOR 0. 0.
48.099 2 ATTITUDE 0.095989 0. -1.317619
48.103 2 ENERGY 36.200001 0. 0 0.
48.194 2 GPS 0 0 0 0 0 0 0 0 0 0 1
48.197 2 ESTIMATOR 0. 0.
48.198 2 WP_MOVED 0 374931. 4223100. 75. 18
48.203 2 ALIVE 96,64,207,125,2,118,210,48,184,129,61,24,173,230,125,202
48.226 2 NAVIGATION 2 2 0. 0. 0. 0. 0 0
48.229 2 COMMANDS 480,0,0,2400
48.293 2 GPS 0 0 0 0 0 0 0 0 0 0 1
48.295 2 ESTIMATOR 0. 0.
48.297 2 CALIBRATION 0. 0
48.299 2 PPRZ_MODE 1 0 0 0 0 17
48.325 2 ACTUATORS 0,1500,1600,0,1525,0,0,1500
48.393 2 GPS 0 0 0 0 0 0 0 0 0 0 1
48.395 2 ESTIMATOR 0. 0.
48.474 2 COMMANDS 480,0,0,2400
48.477 2 NAVIGATION 2 2 0. 0. 0. 0. 0 0
48.492 2 GPS 0 0 0 0 0 0 0 0 0 0 1
48.494 2 ESTIMATOR 0. 0.
48.496 2 STATE_FILTER_STATUS 3 1533
48.576 2 ACTUATORS 0,1500,1600,0,1525,0,0,1500
48.593 2 GPS 0 0 0 0 0 0 0 0 0 0 1
48.595 2 ESTIMATOR 0. 0.
48.598 2 ATTITUDE 0.095989 0. -1.317619
48.646 2 DESIRED 0. 0. 0. 0. 0. 50. 0. 18.
48.694 2 GPS 0 0 0 0 0 0 0 0 0 0 1
48.696 2 ESTIMATOR 0. 0.
48.700 2 WP_MOVED 1 374889. 4223058. 75. 18
48.702 2 DL_VALUE 3 0.
48.725 2 COMMANDS 480,0,0,2400
48.728 2 NAVIGATION 2 2 0. 0. 0. 0. 0 0
48.774 2 FBW_STATUS 0 0 0 362 0 3198
48.794 2 GPS 0 0 0 0 0 0 0 0 0 0 1
48.797 2 ESTIMATOR 0. 0.
48.800 2 NAVIGATION 2 2 0. 0. 0. 0. 0 0
48.824 2 ACTUATORS 0,1500,1600,0,1525,0,0,1500
48.895 2 GPS 0 0 0 0 0 0 0 0 0 0 1
48.896 2 ESTIMATOR 0. 0.
48.958 2 DOWNLINK_STATUS 49 46739 2131 0 985. 46. 4.42
48.975 2 COMMANDS 480,0,0,2400
48.978 2 NAVIGATION 2 2 0. 0. 0. 0. 0 0
48.993 2 GPS 0 0 0 0 0 0 0 0 0 0 1
48.996 2 ESTIMATOR 0. 0.
49.000 2 BAT 2400 362 1023 0 0 0 9 0 0
49.075 2 ACTUATORS 0,1500,1600,0,1525,0,0,1500
49.093 2 GPS 0 0 0 0 0 0 0 0 0 0 1
49.096 2 ESTIMATOR 0. 0.
49.098 2 ATTITUDE 0.095989 0. -1.317619
49.194 2 GPS 0 0 0 0 0 0 0 0 0 0 1
49.195 2 ESTIMATOR 0. 0.
49.199 2 WP_MOVED 0 374931. 4223100. 75. 18
49.201 2 IR_SENSORS 511 -449 -960 62 511
49.224 2 COMMANDS 480,0,0,2400
49.227 2 NAVIGATION 2 2 0. 0. 0. 0. 0 0
49.294 2 GPS 0 0 0 0 0 0 0 0 0 0 1
49.295 2 ESTIMATOR 0. 0.
49.326 2 ACTUATORS 0,1500,1600,0,1525,0,0,1500
49.393 2 GPS 0 0 0 0 0 0 0 0 0 0 1
49.395 2 ESTIMATOR 0. 0.
49.474 2 COMMANDS 480,0,0,2400
49.478 2 NAVIGATION 2 2 0. 0. 0. 0. 0 0
49.493 2 GPS 0 0 0 0 0 0 0 0 0 0 1
49.495 2 ESTIMATOR 0. 0.
49.576 2 ACTUATORS 0,1500,1600,0,1525,0,0,1500
49.594 2 GPS 0 0 0 0 0 0 0 0 0 0 1
49.596 2 ESTIMATOR 0. 0.
49.599 2 ATTITUDE 0.095989 0. -1.317619
49.601 2 DOWNLINK 1 941 2309
49.694 2 GPS 0 0 0 0 0 0 0 0 0 0 1
49.695 2 ESTIMATOR 0. 0.
49.700 2 WP_MOVED 1 374889. 4223058. 75. 18
49.706 2 DESIRED 0. 0. 0. 0. 0. 50. 0. 18.
49.725 2 NAVIGATION 2 2 0. 0. 0. 0. 0 0
49.727 2 COMMANDS 480,0,0,2400
49.794 2 GPS 0 0 0 0 0 0 0 0 0 0 1
49.795 2 ESTIMATOR 0. 0.
49.799 2 NAVIGATION 2 2 0. 0. 0. 0. 0 0
49.803 2 GPS_SOL 0 0 0 0
49.826 2 ACTUATORS 0,1500,1600,0,1525,0,0,1500
49.893 2 GPS 0 0 0 0 0 0 0 0 0 0 1
49.895 2 ESTIMATOR 0. 0.
49.959 2 DOWNLINK_STATUS 50 47672 2173 0 933. 42. 4.42
49.974 2 COMMANDS 480,0,0,2400
49.978 2 NAVIGATION 2 2 0. 0. 0. 0. 0 0
50.010 2 GPS 0 0 0 0 0 0 0 0 0 0 1
50.010 2 ESTIMATOR 0. 0.
50.075 2 ACTUATORS 0,1500,1600,0,1525,0,0,1500
50.093 2 GPS 0 0 0 0 0 0 0 0 0 0 1
50.096 2 ESTIMATOR 0. 0.
50.098 2 ATTITUDE 0.095989 0. -1.317619
50.102 2 BAT 2400 362 1023 0 0 0 10 0 0
50.200 2 GPS 0 0 0 0 0 0 0 0 0 0 1
50.200 2 ESTIMATOR 0. 0.
50.200 2 WP_MOVED 0 374931. 4223100. 75. 18
50.202 2 DL_VALUE 4 0.
50.224 2 COMMANDS 480,0,0,2400
50.228 2 NAVIGATION 2 2 0. 0. 0. 0. 0 0
50.294 2 GPS 0 0 0 0 0 0 0 0 0 0 1
50.295 2 ESTIMATOR 0. 0.
50.326 2 ACTUATORS 0,1500,1600,0,1525,0,0,1500
50.395 2 GPS 0 0 0 0 0 0 0 0 0 0 1
50.396 2 ESTIMATOR 0. 0.
50.397 2 IR_SENSORS 511 -449 -960 62 511
50.399 2 CALIBRATION 0. 0
50.426 2 PONG 
50.474 2 COMMANDS 480,0,0,2400
50.478 2 NAVIGATION 2 2 0. 0. 0. 0. 0 0
50.494 2 GPS 0 0 0 0 0 0 0 0 0 0 1
50.495 2 ESTIMATOR 0. 0.
50.575 2 ACTUATORS 0,1500,1600,0,1525,0,0,1500
50.594 2 GPS 0 0 0 0 0 0 0 0 0 0 1
50.595 2 ESTIMATOR 0. 0.
50.600 2 ATTITUDE 0.095989 0. -1.317619
50.601 2 ENERGY 36.200001 0. 0 0.
50.698 2 GPS 0 0 0 0 0 0 0 0 0 0 1
50.699 2 ESTIMATOR 0. 0.
50.702 2 WP_MOVED 1 374889. 4223058. 75. 18
50.724 2 COMMANDS 480,0,0,2400
50.728 2 NAVIGATION 2 2 0. 0. 0. 0. 0 0
50.744 2 DESIRED 0. 0. 0. 0. 0. 50. 0. 18.
50.774 2 FBW_STATUS 0 0 0 362 0 3318
50.793 2 GPS 0 0 0 0 0 0 0 0 0 0 1
50.795 2 ESTIMATOR 0. 0.
50.799 2 NAVIGATION 2 2 0. 0. 0. 0. 0 0
50.824 2 ACTUATORS 0,1500,1600,0,1525,0,0,1500
50.894 2 GPS 0 0 0 0 0 0 0 0 0 0 1
50.895 2 ESTIMATOR 0. 0.
50.960 2 DOWNLINK_STATUS 51 48642 2218 0 970. 45. 6.11
50.976 2 NAVIGATION 2 2 0. 0. 0. 0. 0 0
50.977 2 COMMANDS 480,0,0,2400
50.995 2 GPS 0 0 0 0 0 0 0 0 0 0 1
50.996 2 ESTIMATOR 0. 0.
