2.616 1 ATTITUDE 0.095989 0. -1.317619
2.619 1 STATE_FILTER_STATUS 3 1533
2.717 1 ESTIMATOR 0. 0.
2.719 1 DOWNLINK 0 503 40194
2.753 1 NAVIGATION 0 0 0. 0. 14400. 14400. 0 0
2.771 1 GPS 0 0 0 0 0 0 0 0 0 0 1
2.819 1 WP_MOVED 1 360285. 4813715. 250. 31
2.820 1 BAT 0 182 0 0 0 1786 1786 0
2.835 1 DOWNLINK_STATUS 16 8178 366 0 564. 27. 4.84
2.919 1 GPS_SOL 0 0 0 0
3.003 1 NAVIGATION 0 0 0. 0. 14400. 14400. 0 0
3.021 1 GPS 0 0 0 0 0 0 0 0 0 0 1
3.025 1 NAVIGATION 0 0 0. 0. 14400. 14400. 0 0
3.119 1 ATTITUDE 0.095989 0. -1.317619
3.217 1 ESTIMATOR 0. 0.
3.253 1 NAVIGATION 0 0 0. 0. 14400. 14400. 0 0
3.271 1 GPS 0 0 0 0 0 0 0 0 0 0 1
3.319 1 WP_MOVED 0 360327. 4813637. 250. 31
3.321 1 DL_VALUE 3 0.
3.369 1 CIRCLE 0. 120. 100.
3.471 1 DESIRED -0.63 0.53 4.9 -100. 20. 210. 0.5 18.
3.503 1 NAVIGATION 0 0 0. 0. 14400. 14400. 0 0
3.521 1 GPS 0 0 0 0 0 0 0 0 0 0 1
3.523 1 IR_SENSORS 511 -449 -960 62 511
3.619 1 ATTITUDE 0.095989 0. -1.317619
3.717 1 ESTIMATOR 0. 0.
3.753 1 NAVIGATION 0 0 0. 0. 14400. 14400. 0 0
3.771 1 GPS 0 0 0 0 0 0 0 0 0 0 1
3.819 1 WP_MOVED 1 360285. 4813715. 250. 31
3.835 1 DOWNLINK_STATUS 17 8644 386 0 466. 20. 4.84
3.919 1 BAT 0 182 0 0 0 1787 1787 0
4.003 1 NAVIGATION 0 0 0. 0. 14400. 14400. 0 0
4.021 1 GPS 0 0 0 0 0 0 0 0 0 0 1
4.025 1 NAVIGATION 0 0 0. 0. 14400. 14400. 0 0
4.119 1 ATTITUDE 0.095989 0. -1.317619
4.121 1 CALIBRATION 0. 1
4.217 1 ESTIMATOR 0. 0.
4.254 1 NAVIGATION 0 0 0. 0. 14400. 14400. 0 0
4.271 1 GPS 0 0 0 0 0 0 0 0 0 0 1
4.320 1 WP_MOVED 0 360327. 4813637. 250. 31
4.420 1 CIRCLE 0. 120. 100.
4.504 1 NAVIGATION 0 0 0. 0. 14400. 14400. 0 0
4.506 1 FBW_STATUS 2 0 1 182 0
4.522 1 GPS 0 0 0 0 0 0 0 0 0 0 1
4.528 1 DESIRED -0.63 0.53 4.9 -100. 20. 210. 0.5 18.
4.620 1 ATTITUDE 0.095989 0. -1.317619
4.728 1 ESTIMATOR 0. 0.
4.728 1 IR_SENSORS 511 -449 -960 62 511
4.728 1 ENERGY 18.200001 0. 0 0.
4.754 1 NAVIGATION 0 0 0. 0. 14400. 14400. 0 0
4.772 1 GPS 0 0 0 0 0 0 0 0 0 0 1
4.820 1 WP_MOVED 1 360285. 4813715. 250. 31
4.820 1 DL_VALUE 4 0.
4.843 1 DOWNLINK_STATUS 18 9158 409 0 514. 23. 4.84
4.918 1 GPS_SOL 0 0 0 0
5.004 1 NAVIGATION 0 0 0. 0. 14400. 14400. 0 0
5.022 1 GPS 0 0 0 0 0 0 0 0 0 0 1
5.026 1 NAVIGATION 0 0 0. 0. 14400. 14400. 0 0
5.030 1 BAT 0 182 0 0 0 1788 1788 0
5.120 1 ATTITUDE 0.095989 0. -1.317619
5.218 1 ESTIMATOR 0. 0.
5.254 1 NAVIGATION 0 0 0. 0. 14400. 14400. 0 0
5.275 1 GPS 0 0 0 0 0 0 0 0 0 0 1
5.319 1 WP_MOVED 0 360327. 4813637. 250. 31
5.469 1 CIRCLE 0. 120. 100.
5.513 1 NAVIGATION 0 0 0. 0. 14400. 14400. 0 0
5.521 1 GPS 0 0 0 0 0 0 0 0 0 0 1
5.573 1 DESIRED -0.63 0.53 4.9 -100. 20. 210. 0.5 18.
5.619 1 ATTITUDE 0.095989 0. -1.317619
5.719 1 ESTIMATOR 0. 0.
5.753 1 NAVIGATION 0 0 0. 0. 14400. 14400. 0 0
5.771 1 GPS 0 0 0 0 0 0 0 0 0 0 1
5.819 1 WP_MOVED 1 360285. 4813715. 250. 31
5.844 1 DOWNLINK_STATUS 19 9617 428 0 459. 19. 4.84
5.919 1 IR_SENSORS 511 -449 -960 62 511
6.003 1 NAVIGATION 0 0 0. 0. 14400. 14400. 0 0
6.021 1 GPS 0 0 0 0 0 0 0 0 0 0 1
6.027 1 NAVIGATION 0 0 0. 0. 14400. 14400. 0 0
6.119 1 ATTITUDE 0.095989 0. -1.317619
6.123 1 BAT 0 182 0 0 0 1789 1789 0
6.219 1 ESTIMATOR 0. 0.
6.221 1 CALIBRATION 0. 1
6.253 1 NAVIGATION 0 0 0. 0. 14400. 14400. 0 0
6.271 1 GPS 0 0 0 0 0 0 0 0 0 0 1
6.320 1 WP_MOVED 0 360327. 4813637. 250. 31
6.321 1 DL_VALUE 5 0.
6.502 1 FBW_STATUS 2 0 1 182 0
6.506 1 NAVIGATION 0 0 0. 0. 14400. 14400. 0 0
6.522 1 GPS 0 0 0 0 0 0 0 0 0 0 1
6.526 1 CIRCLE 0. 120. 100.
6.602 1 COMMANDS 0,9600,0,-5791,0
6.620 1 ATTITUDE 0.095989 0. -1.317619
6.625 1 DESIRED -0.63 0.53 4.9 -100. 20. 210. 0.5 18.
6.704 1 ACTUATORS 1000,1699,1801,0,1500,0,1500,2000
6.720 1 ESTIMATOR 0. 0.
6.754 1 NAVIGATION 0 0 0. 0. 14400. 14400. 0 0
6.771 1 GPS 0 0 0 0 0 0 0 0 0 0 1
6.820 1 WP_MOVED 1 360285. 4813715. 250. 31
6.844 1 DOWNLINK_STATUS 20 10151 452 0 534. 24. 4.84
6.920 1 GPS_SOL 0 0 0 0
7.006 1 NAVIGATION 0 0 0. 0. 14400. 14400. 0 0
7.022 1 GPS 0 0 0 0 0 0 0 0 0 0 1
7.026 1 NAVIGATION 0 0 0. 0. 14400. 14400. 0 0
7.120 1 ATTITUDE 0.095989 0. -1.317619
7.122 1 IR_SENSORS 511 -449 -960 62 511
7.220 1 ESTIMATOR 0. 0.
7.222 1 BAT 0 182 0 0 0 1790 1790 0
7.226 1 ENERGY 18.200001 0. 0 0.
7.254 1 NAVIGATION 0 0 0. 0. 14400. 14400. 0 0
7.272 1 GPS 0 0 0 0 0 0 0 0 0 0 1
7.320 1 WP_MOVED 0 360327. 4813637. 250. 31
7.324 1 ALIVE 217,29,55,143,90,140,199,122,63,140,219,234,159,183,65,191
7.332 1 PONG 
7.418 1 PPRZ_MODE 2 3 3 2 0 6
7.504 1 NAVIGATION 0 0 0. 0. 14400. 14400. 0 0
7.522 1 GPS 0 0 0 0 0 0 0 0 0 0 1
7.570 1 CIRCLE 0. 120. 100.
7.620 1 ATTITUDE 0.095989 0. -1.317619
7.622 1 STATE_FILTER_STATUS 3 1533
7.674 1 DESIRED -0.63 0.53 4.9 -100. 20. 210. 0.5 18.
7.720 1 ESTIMATOR 0. 0.
7.754 1 NAVIGATION 0 0 0. 0. 14400. 14400. 0 0
7.772 1 GPS 0 0 0 0 0 0 0 0 0 0 1
7.820 1 WP_MOVED 1 360285. 4813715. 250. 31
7.822 1 DL_VALUE 6 100.
7.824 1 DOWNLINK 0 517 40311
7.844 1 DOWNLINK_STATUS 21 10718 479 0 567. 27. 5.81
8.004 1 NAVIGATION 0 0 0. 0. 14400. 14400. 0 0
8.022 1 GPS 0 0 0 0 0 0 0 0 0 0 1
8.026 1 NAVIGATION 0 0 0. 0. 14400. 14400. 0 0
8.120 1 ATTITUDE 0.095989 0. -1.317619
8.220 1 ESTIMATOR 0. 0.
8.254 1 NAVIGATION 0 0 0. 0. 14400. 14400. 0 0
8.272 1 GPS 0 0 0 0 0 0 0 0 0 0 1
8.321 1 WP_MOVED 0 360327. 4813637. 250. 31
8.324 1 BAT 0 182 0 0 0 1791 1791 0
8.326 1 IR_SENSORS 511 -449 -960 62 511
8.328 1 CALIBRATION 0. 1
8.503 1 FBW_STATUS 2 0 1 182 0
8.507 1 NAVIGATION 0 0 0. 0. 14400. 14400. 0 0
8.523 1 GPS 0 0 0 0 0 0 0 0 0 0 1
8.621 1 ATTITUDE 0.095989 0. -1.317619
8.623 1 CIRCLE 0. 120. 100.
8.721 1 ESTIMATOR 0. 0.
8.727 1 DESIRED -0.63 0.53 4.9 -100. 20. 210. 0.5 18.
8.755 1 NAVIGATION 0 0 0. 0. 14400. 14400. 0 0
8.774 1 GPS 0 0 0 0 0 0 0 0 0 0 1
8.821 1 WP_MOVED 1 360285. 4813715. 250. 31
8.823 1 NAVIGATION_REF 360285 4813595 31
8.845 1 DOWNLINK_STATUS 22 11216 501 0 498. 22. 5.81
8.921 1 GPS_SOL 0 0 0 0
9.005 1 NAVIGATION 0 0 0. 0. 14400. 14400. 0 0
9.023 1 GPS 0 0 0 0 0 0 0 0 0 0 1
9.027 1 NAVIGATION 0 0 0. 0. 14400. 14400. 0 0
9.121 1 ATTITUDE 0.095989 0. -1.317619
9.219 1 ESTIMATOR 0. 0.
9.255 1 NAVIGATION 0 0 0. 0. 14400. 14400. 0 0
9.273 1 GPS 0 0 0 0 0 0 0 0 0 0 1
9.321 1 WP_MOVED 0 360327. 4813637. 250. 31
9.323 1 DL_VALUE 7 2.
9.421 1 BAT 0 182 0 0 0 1792 1792 0
9.505 1 NAVIGATION 0 0 0. 0. 14400. 14400. 0 0
9.523 1 GPS 0 0 0 0 0 0 0 0 0 0 1
9.527 1 IR_SENSORS 511 -449 -960 62 511
9.621 1 ATTITUDE 0.095989 0. -1.317619
9.671 1 CIRCLE 0. 120. 100.
9.721 1 ESTIMATOR 0. 0.
9.723 1 ENERGY 18.200001 0. 0 0.
9.755 1 NAVIGATION 0 0 0. 0. 14400. 14400. 0 0
9.773 1 GPS 0 0 0 0 0 0 0 0 0 0 1
9.779 1 DESIRED -0.63 0.53 4.9 -100. 20. 210. 0.5 18.
9.821 1 WP_MOVED 1 360285. 4813715. 250. 31
9.845 1 DOWNLINK_STATUS 23 11722 523 0 506. 22. 5.81
10.005 1 NAVIGATION 0 0 0. 0. 14400. 14400. 0 0
10.023 1 GPS 0 0 0 0 0 0 0 0 0 0 1
10.027 1 NAVIGATION 0 0 0. 0. 14400. 14400. 0 0
10.121 1 ATTITUDE 0.095989 0. -1.317619
10.220 1 ESTIMATOR 0. 0.
10.256 1 NAVIGATION 0 0 0. 0. 14400. 14400. 0 0
10.273 1 GPS 0 0 0 0 0 0 0 0 0 0 1
10.322 1 WP_MOVED 0 360327. 4813637. 250. 31
10.420 1 CALIBRATION 0. 1
10.504 1 FBW_STATUS 2 0 1 182 0
10.508 1 NAVIGATION 0 0 0. 0. 14400. 14400. 0 0
10.524 1 GPS 0 0 0 0 0 0 0 0 0 0 1
10.528 1 BAT 0 182 0 0 0 1794 1794 0
10.621 1 ATTITUDE 0.095989 0. -1.317619
10.721 1 ESTIMATOR 0. 0.
10.723 1 CIRCLE 0. 120. 100.
10.727 1 IR_SENSORS 511 -449 -960 62 511
10.757 1 NAVIGATION 0 0 0. 0. 14400. 14400. 0 0
10.773 1 GPS 0 0 0 0 0 0 0 0 0 0 1
10.821 1 WP_MOVED 1 360285. 4813715. 250. 31
10.828 1 DESIRED -0.63 0.53 4.9 -100. 20. 210. 0.5 18.
10.830 1 DL_VALUE 8 0.
10.846 1 DOWNLINK_STATUS 24 12216 545 0 494. 22. 5.81
10.921 1 GPS_SOL 0 0 0 0
11.007 1 NAVIGATION 0 0 0. 0. 14400. 14400. 0 0
11.023 1 GPS 0 0 0 0 0 0 0 0 0 0 1
11.029 1 NAVIGATION 0 0 0. 0. 14400. 14400. 0 0
11.121 1 ATTITUDE 0.095989 0. -1.317619
11.221 1 ESTIMATOR 0. 0.
11.257 1 NAVIGATION 0 0 0. 0. 14400. 14400. 0 0
11.275 1 GPS 0 0 0 0 0 0 0 0 0 0 1
11.321 1 WP_MOVED 0 360327. 4813637. 250. 31
11.507 1 NAVIGATION 0 0 0. 0. 14400. 14400. 0 0
11.525 1 GPS 0 0 0 0 0 0 0 0 0 0 1
11.606 1 COMMANDS 0,9600,0,-5791,0
11.621 1 ATTITUDE 0.095989 0. -1.317619
11.626 1 BAT 0 182 0 0 0 1795 1795 0
11.705 1 ACTUATORS 1000,1699,1801,0,1500,0,1500,2000
11.721 1 ESTIMATOR 0. 0.
11.757 1 NAVIGATION 0 0 0. 0. 14400. 14400. 0 0
11.775 1 GPS 0 0 0 0 0 0 0 0 0 0 1
11.777 1 CIRCLE 0. 120. 100.
11.821 1 WP_MOVED 1 360285. 4813715. 250. 31
11.847 1 DOWNLINK_STATUS 25 12677 565 0 461. 20. 5.81
11.875 1 DESIRED -0.63 0.53 4.9 -100. 20. 210. 0.5 18.
11.921 1 IR_SENSORS 511 -449 -960 62 511
12.007 1 NAVIGATION 0 0 0. 0. 14400. 14400. 0 0
12.025 1 GPS 0 0 0 0 0 0 0 0 0 0 1
12.029 1 NAVIGATION 0 0 0. 0. 14400. 14400. 0 0
12.121 1 ATTITUDE 0.095989 0. -1.317619
12.221 1 ESTIMATOR 0. 0.
12.225 1 ENERGY 18.200001 0. 0 0.
12.258 1 NAVIGATION 0 0 0. 0. 14400. 14400. 0 0
12.273 1 GPS 0 0 0 0 0 0 0 0 0 0 1
12.322 1 WP_MOVED 0 360327. 4813637. 250. 31
12.323 1 DL_VALUE 9 0.
12.328 1 ALIVE 217,29,55,143,90,140,199,122,63,140,219,234,159,183,65,191
12.331 1 PONG 
12.422 1 PPRZ_MODE 2 3 3 2 0 6
12.504 1 FBW_STATUS 2 0 1 182 0
12.510 1 NAVIGATION 0 0 0. 0. 14400. 14400. 0 0
12.524 1 GPS 0 0 0 0 0 0 0 0 0 0 1
12.526 1 CALIBRATION 0. 1
12.622 1 ATTITUDE 0.095989 0. -1.317619
12.624 1 STATE_FILTER_STATUS 3 1533
12.722 1 ESTIMATOR 0. 0.
12.726 1 BAT 0 182 0 0 0 1796 1796 0
12.758 1 NAVIGATION 0 0 0. 0. 14400. 14400. 0 0
12.774 1 GPS 0 0 0 0 0 0 0 0 0 0 1
12.822 1 WP_MOVED 1 360285. 4813715. 250. 31
12.826 1 CIRCLE 0. 120. 100.
12.837 1 WIND_INFO 1 42 0. 0. 0.
12.847 1 DOWNLINK_STATUS 26 13241 592 0 564. 27. 4.99
12.926 1 DESIRED -0.63 0.53 4.9 -100. 20. 210. 0.5 18.
12.928 1 GPS_SOL 0 0 0 0
12.930 1 DOWNLINK 0 507 40427
13.008 1 NAVIGATION 0 0 0. 0. 14400. 14400. 0 0
13.024 1 GPS 0 0 0 0 0 0 0 0 0 0 1
13.030 1 NAVIGATION 0 0 0. 0. 14400. 14400. 0 0
13.122 1 ATTITUDE 0.095989 0. -1.317619
13.126 1 IR_SENSORS 511 -449 -960 62 511
13.222 1 ESTIMATOR 0. 0.
13.258 1 NAVIGATION 0 0 0. 0. 14400. 14400. 0 0
13.274 1 GPS 0 0 0 0 0 0 0 0 0 0 1
13.322 1 WP_MOVED 0 360327. 4813637. 250. 31
13.508 1 NAVIGATION 0 0 0. 0. 14400. 14400. 0 0
13.524 1 GPS 0 0 0 0 0 0 0 0 0 0 1
13.622 1 ATTITUDE 0.095989 0. -1.317619
13.722 1 ESTIMATOR 0. 0.
13.759 1 NAVIGATION 0 0 0. 0. 14400. 14400. 0 0
13.775 1 GPS 0 0 0 0 0 0 0 0 0 0 1
13.823 1 WP_MOVED 1 360285. 4813715. 250. 31
13.826 1 BAT 0 182 0 0 0 1797 1797 0
13.828 1 DL_VALUE 10 0.
13.849 1 DOWNLINK_STATUS 27 13720 613 0 479. 21. 4.99
13.872 1 CIRCLE 0. 120. 100.
13.976 1 DESIRED -0.63 0.53 4.9 -100. 20. 210. 0.5 18.
14.008 1 NAVIGATION 0 0 0. 0. 14400. 14400. 0 0
14.024 1 GPS 0 0 0 0 0 0 0 0 0 0 1
14.030 1 NAVIGATION 0 0 0. 0. 14400. 14400. 0 0
14.122 1 ATTITUDE 0.095989 0. -1.317619
14.223 1 ESTIMATOR 0. 0.
14.259 1 NAVIGATION 0 0 0. 0. 14400. 14400. 0 0
14.275 1 GPS 0 0 0 0 0 0 0 0 0 0 1
14.323 1 WP_MOVED 0 360327. 4813637. 250. 31
14.326 1 IR_SENSORS 511 -449 -960 62 511
14.507 1 NAVIGATION 0 0 0. 0. 14400. 14400. 0 0
14.511 1 FBW_STATUS 2 0 1 182 0
14.525 1 GPS 0 0 0 0 0 0 0 0 0 0 1
14.623 1 ATTITUDE 0.095989 0. -1.317619
14.625 1 CALIBRATION 0. 1
14.723 1 ESTIMATOR 0. 0.
14.725 1 ENERGY 18.200001 0. 0 0.
14.757 1 NAVIGATION 0 0 0. 0. 14400. 14400. 0 0
14.775 1 GPS 0 0 0 0 0 0 0 0 0 0 1
14.823 1 WP_MOVED 1 360285. 4813715. 250. 31
14.849 1 DOWNLINK_STATUS 28 14203 634 0 483. 21. 4.99
14.923 1 CIRCLE 0. 120. 100.
14.927 1 BAT 0 182 0 0 0 1798 1798 0
14.929 1 GPS_SOL 0 0 0 0
15.009 1 NAVIGATION 0 0 0. 0. 14400. 14400. 0 0
15.025 1 GPS 0 0 0 0 0 0 0 0 0 0 1
15.031 1 NAVIGATION 0 0 0. 0. 14400. 14400. 0 0
15.037 1 DESIRED -0.63 0.53 4.9 -100. 20. 210. 0.5 18.
15.123 1 ATTITUDE 0.095989 0. -1.317619
15.223 1 ESTIMATOR 0. 0.
15.257 1 NAVIGATION 0 0 0. 0. 14400. 14400. 0 0
15.275 1 GPS 0 0 0 0 0 0 0 0 0 0 1
15.323 1 WP_MOVED 0 360327. 4813637. 250. 31
15.325 1 DL_VALUE 0 0.
15.507 1 NAVIGATION 0 0 0. 0. 14400. 14400. 0 0
15.525 1 GPS 0 0 0 0 0 0 0 0 0 0 1
15.529 1 IR_SENSORS 511 -449 -960 62 511
15.623 1 ATTITUDE 0.095989 0. -1.317619
15.723 1 ESTIMATOR 0. 0.
15.757 1 NAVIGATION 0 0 0. 0. 14400. 14400. 0 0
15.775 1 GPS 0 0 0 0 0 0 0 0 0 0 1
15.823 1 WP_MOVED 1 360285. 4813715. 250. 31
15.850 1 DOWNLINK_STATUS 29 14689 655 0 486. 21. 4.99
15.973 1 CIRCLE 0. 120. 100.
16.007 1 NAVIGATION 0 0 0. 0. 14400. 14400. 0 0
16.025 1 GPS 0 0 0 0 0 0 0 0 0 0 1
16.031 1 NAVIGATION 0 0 0. 0. 14400. 14400. 0 0
16.033 1 BAT 0 182 0 0 0 1799 1799 0
16.077 1 DESIRED -0.63 0.53 4.9 -100. 20. 210. 0.5 18.
16.123 1 ATTITUDE 0.095989 0. -1.317619
16.224 1 ESTIMATOR 0. 0.
16.258 1 NAVIGATION 0 0 0. 0. 14400. 14400. 0 0
16.276 1 GPS 0 0 0 0 0 0 0 0 0 0 1
16.324 1 WP_MOVED 0 360327. 4813637. 250. 31
16.508 1 NAVIGATION 0 0 0. 0. 14400. 14400. 0 0
16.512 1 FBW_STATUS 2 0 1 182 0
16.526 1 GPS 0 0 0 0 0 0 0 0 0 0 1
16.606 1 COMMANDS 0,9600,0,-5791,0
16.624 1 ATTITUDE 0.095989 0. -1.317619
16.708 1 ACTUATORS 1000,1699,1801,0,1500,0,1500,2000
16.724 1 ESTIMATOR 0. 0.
16.726 1 IR_SENSORS 511 -449 -960 62 511
16.728 1 CALIBRATION 0. 1
16.758 1 NAVIGATION 0 0 0. 0. 14400. 14400. 0 0
16.776 1 GPS 0 0 0 0 0 0 0 0 0 0 1
16.824 1 WP_MOVED 1 360285. 4813715. 250. 31
16.826 1 DL_VALUE 1 0.
16.850 1 DOWNLINK_STATUS 30 15223 679 0 534. 24. 4.99
16.924 1 GPS_SOL 0 0 0 0
17.008 1 NAVIGATION 0 0 0. 0. 14400. 14400. 0 0
17.026 1 GPS 0 0 0 0 0 0 0 0 0 0 1
17.030 1 NAVIGATION 0 0 0. 0. 14400. 14400. 0 0
17.034 1 CIRCLE 0. 120. 100.
17.124 1 ATTITUDE 0.095989 0. -1.317619
17.130 1 DESIRED -0.63 0.53 4.9 -100. 20. 210. 0.5 18.
17.134 1 BAT 0 182 0 0 0 1800 1800 0
17.224 1 ESTIMATOR 0. 0.
17.226 1 ENERGY 18.200001 0. 0 0.
17.258 1 NAVIGATION 0 0 0. 0. 14400. 14400. 0 0
17.276 1 GPS 0 0 0 0 0 0 0 0 0 0 1
17.324 1 WP_MOVED 0 360327. 4813637. 250. 31
17.328 1 ALIVE 217,29,55,143,90,140,199,122,63,140,219,234,159,183,65,191
17.332 1 PONG 
17.422 1 PPRZ_MODE 2 3 3 2 0 6
17.508 1 NAVIGATION 0 0 0. 0. 14400. 14400. 0 0
17.526 1 GPS 0 0 0 0 0 0 0 0 0 0 1
17.624 1 ATTITUDE 0.095989 0. -1.317619
17.626 1 STATE_FILTER_STATUS 3 1533
17.724 1 ESTIMATOR 0. 0.
17.758 1 NAVIGATION 0 0 0. 0. 14400. 14400. 0 0
17.776 1 GPS 0 0 0 0 0 0 0 0 0 0 1
17.824 1 WP_MOVED 1 360285. 4813715. 250. 31
17.826 1 NAVIGATION_REF 360285 4813595 31
17.851 1 DOWNLINK_STATUS 31 15767 704 0 544. 25. 4.95
17.924 1 IR_SENSORS 511 -449 -960 62 511
18.008 1 NAVIGATION 0 0 0. 0. 14400. 14400. 0 0
18.026 1 GPS 0 0 0 0 0 0 0 0 0 0 1
18.030 1 NAVIGATION 0 0 0. 0. 14400. 14400. 0 0
18.032 1 DOWNLINK 0 504 40541
18.074 1 CIRCLE 0. 120. 100.
18.124 1 ATTITUDE 0.095989 0. -1.317619
18.179 1 DESIRED -0.63 0.53 4.9 -100. 20. 210. 0.5 18.
18.225 1 ESTIMATOR 0. 0.
18.226 1 BAT 0 182 0 0 0 1801 1801 0
18.259 1 NAVIGATION 0 0 0. 0. 14400. 14400. 0 0
18.277 1 GPS 0 0 0 0 0 0 0 0 0 0 1
18.325 1 WP_MOVED 0 360327. 4813637. 250. 31
18.326 1 DL_VALUE 2 210.
18.509 1 NAVIGATION 0 0 0. 0. 14400. 14400. 0 0
18.511 1 FBW_STATUS 2 0 1 182 0
18.527 1 GPS 0 0 0 0 0 0 0 0 0 0 1
18.625 1 ATTITUDE 0.095989 0. -1.317619
18.725 1 ESTIMATOR 0. 0.
18.759 1 NAVIGATION 0 0 0. 0. 14400. 14400. 0 0
18.777 1 GPS 0 0 0 0 0 0 0 0 0 0 1
18.825 1 WP_MOVED 1 360285. 4813715. 250. 31
18.827 1 CALIBRATION 0. 1
18.851 1 DOWNLINK_STATUS 32 16272 727 0 505. 23. 4.95
18.925 1 GPS_SOL 0 0 0 0
19.009 1 NAVIGATION 0 0 0. 0. 14400. 14400. 0 0
19.027 1 GPS 0 0 0 0 0 0 0 0 0 0 1
19.031 1 NAVIGATION 0 0 0. 0. 14400. 14400. 0 0
19.125 1 ATTITUDE 0.095989 0. -1.317619
19.127 1 CIRCLE 0. 120. 100.
19.131 1 IR_SENSORS 511 -449 -960 62 511
19.225 1 ESTIMATOR 0. 0.
19.231 1 DESIRED -0.63 0.53 4.9 -100. 20. 210. 0.5 18.
19.259 1 NAVIGATION 0 0 0. 0. 14400. 14400. 0 0
19.277 1 GPS 0 0 0 0 0 0 0 0 0 0 1
19.325 1 WP_MOVED 0 360327. 4813637. 250. 31
19.329 1 BAT 0 182 0 0 0 1802 1802 0
19.509 1 NAVIGATION 0 0 0. 0. 14400. 14400. 0 0
19.527 1 GPS 0 0 0 0 0 0 0 0 0 0 1
19.624 1 ATTITUDE 0.095989 0. -1.317619
19.724 1 ESTIMATOR 0. 0.
19.728 1 ENERGY 18.200001 0. 0 0.
19.760 1 NAVIGATION 0 0 0. 0. 14400. 14400. 0 0
19.778 1 GPS 0 0 0 0 0 0 0 0 0 0 1
19.826 1 WP_MOVED 1 360285. 4813715. 250. 31
19.828 1 DL_VALUE 3 0.
19.851 1 DOWNLINK_STATUS 33 16778 749 0 506. 22. 4.95
20.010 1 NAVIGATION 0 0 0. 0. 14400. 14400. 0 0
20.028 1 GPS 0 0 0 0 0 0 0 0 0 0 1
20.032 1 NAVIGATION 0 0 0. 0. 14400. 14400. 0 0
20.124 1 ATTITUDE 0.095989 0. -1.317619
20.174 1 CIRCLE 0. 120. 100.
20.224 1 ESTIMATOR 0. 0.
20.260 1 NAVIGATION 0 0 0. 0. 14400. 14400. 0 0
20.278 1 GPS 0 0 0 0 0 0 0 0 0 0 1
20.284 1 DESIRED -0.63 0.53 4.9 -100. 20. 210. 0.5 18.
20.326 1 WP_MOVED 0 360327. 4813637. 250. 31
20.328 1 IR_SENSORS 511 -449 -960 62 511
20.426 1 BAT 0 182 0 0 0 1803 1803 0
20.508 1 FBW_STATUS 2 0 1 182 0
20.512 1 NAVIGATION 0 0 0. 0. 14400. 14400. 0 0
20.528 1 GPS 0 0 0 0 0 0 0 0 0 0 1
20.625 1 ATTITUDE 0.095989 0. -1.317619
20.725 1 ESTIMATOR 0. 0.
20.761 1 NAVIGATION 0 0 0. 0. 14400. 14400. 0 0
20.779 1 GPS 0 0 0 0 0 0 0 0 0 0 1
20.825 1 WP_MOVED 1 360285. 4813715. 250. 31
20.852 1 DOWNLINK_STATUS 34 17250 769 0 472. 20. 4.95
20.925 1 GPS_SOL 0 0 0 0
20.927 1 CALIBRATION 0. 1
21.011 1 NAVIGATION 0 0 0. 0. 14400. 14400. 0 0
21.029 1 GPS 0 0 0 0 0 0 0 0 0 0 1
21.033 1 NAVIGATION 0 0 0. 0. 14400. 14400. 0 0
21.125 1 ATTITUDE 0.095989 0. -1.317619
21.225 1 ESTIMATOR 0. 0.
21.229 1 CIRCLE 0. 120. 100.
21.261 1 NAVIGATION 0 0 0. 0. 14400. 14400. 0 0
21.279 1 GPS 0 0 0 0 0 0 0 0 0 0 1
21.327 1 WP_MOVED 0 360327. 4813637. 250. 31
21.333 1 DESIRED -0.63 0.53 4.9 -100. 20. 210. 0.5 18.
21.335 1 DL_VALUE 4 0.
21.511 1 NAVIGATION 0 0 0. 0. 14400. 14400. 0 0
21.527 1 GPS 0 0 0 0 0 0 0 0 0 0 1
21.531 1 BAT 0 182 0 0 0 1805 1805 0
21.535 1 IR_SENSORS 511 -448 -959 63 511
21.609 1 COMMANDS 0,9600,0,-5791,0
21.625 1 ATTITUDE 0.095989 0. -1.317619
21.709 1 ACTUATORS 1000,1699,1801,0,1500,0,1500,2000
21.725 1 ESTIMATOR 0. 0.
21.761 1 NAVIGATION 0 0 0. 0. 14400. 14400. 0 0
21.779 1 GPS 0 0 0 0 0 0 0 0 0 0 1
21.825 1 WP_MOVED 1 360285. 4813715. 250. 31
21.852 1 DOWNLINK_STATUS 35 17787 793 0 537. 24. 4.95
22.011 1 NAVIGATION 0 0 0. 0. 14400. 14400. 0 0
22.029 1 GPS 0 0 0 0 0 0 0 0 0 0 1
22.033 1 NAVIGATION 0 0 0. 0. 14400. 14400. 0 0
22.125 1 ATTITUDE 0.095989 0. -1.317619
22.225 1 ESTIMATOR 0. 0.
22.229 1 ENERGY 18.200001 0. 0 0.
22.261 1 NAVIGATION 0 0 0. 0. 14400. 14400. 0 0
22.277 1 GPS 0 0 0 0 0 0 0 0 0 0 1
22.281 1 CIRCLE 0. 120. 100.
22.325 1 WP_MOVED 0 360327. 4813637. 250. 31
22.329 1 ALIVE 217,29,55,143,90,140,199,122,63,140,219,234,159,183,65,191
22.333 1 PONG 
22.379 1 DESIRED -0.63 0.53 4.9 -100. 20. 210. 0.5 18.
22.425 1 PPRZ_MODE 2 3 3 2 0 6
22.509 1 FBW_STATUS 2 0 1 182 0
22.513 1 NAVIGATION 0 0 0. 0. 14400. 14400. 0 0
22.529 1 GPS 0 0 0 0 0 0 0 0 0 0 1
22.626 1 ATTITUDE 0.095989 0. -1.317619
22.629 1 BAT 0 182 0 0 0 1806 1806 0
22.631 1 STATE_FILTER_STATUS 3 1533
22.726 1 ESTIMATOR 0. 0.
22.728 1 IR_SENSORS 511 -449 -960 62 511
22.762 1 NAVIGATION 0 0 0. 0. 14400. 14400. 0 0
22.780 1 GPS 0 0 0 0 0 0 0 0 0 0 1
22.826 1 WP_MOVED 1 360285. 4813715. 250. 31
22.828 1 DL_VALUE 5 0.
22.837 1 WIND_INFO 1 42 0. 0. 0.
22.852 1 DOWNLINK_STATUS 36 18340 819 0 553. 26. 6.01
22.926 1 GPS_SOL 0 0 0 0
23.012 1 NAVIGATION 0 0 0. 0. 14400. 14400. 0 0
23.030 1 GPS 0 0 0 0 0 0 0 0 0 0 1
23.034 1 NAVIGATION 0 0 0. 0. 14400. 14400. 0 0
23.038 1 CALIBRATION 0. 1
23.126 1 ATTITUDE 0.095989 0. -1.317619
23.128 1 DOWNLINK 0 510 40658
23.226 1 ESTIMATOR 0. 0.
23.262 1 NAVIGATION 0 0 0. 0. 14400. 14400. 0 0
23.280 1 GPS 0 0 0 0 0 0 0 0 0 0 1
23.326 1 WP_MOVED 0 360327. 4813637. 250. 31
23.330 1 CIRCLE 0. 120. 100.
23.430 1 DESIRED -0.63 0.53 4.9 -100. 20. 210. 0.5 18.
23.512 1 NAVIGATION 0 0 0. 0. 14400. 14400. 0 0
23.530 1 GPS 0 0 0 0 0 0 0 0 0 0 1
23.626 1 ATTITUDE 0.095989 0. -1.317619
23.726 1 ESTIMATOR 0. 0.
23.730 1 BAT 0 182 0 0 0 1807 1807 0
23.762 1 NAVIGATION 0 0 0. 0. 14400. 14400. 0 0
23.778 1 GPS 0 0 0 0 0 0 0 0 0 0 1
23.826 1 WP_MOVED 1 360285. 4813715. 250. 31
23.854 1 DOWNLINK_STATUS 37 18821 840 0 481. 21. 6.01
23.926 1 IR_SENSORS 511 -449 -960 62 511
24.012 1 NAVIGATION 0 0 0. 0. 14400. 14400. 0 0
24.028 1 GPS 0 0 0 0 0 0 0 0 0 0 1
24.034 1 NAVIGATION 0 0 0. 0. 14400. 14400. 0 0
24.126 1 ATTITUDE 0.095989 0. -1.317619
24.226 1 ESTIMATOR 0. 0.
24.262 1 NAVIGATION 0 0 0. 0. 14400. 14400. 0 0
24.278 1 GPS 0 0 0 0 0 0 0 0 0 0 1
24.326 1 WP_MOVED 0 360327. 4813637. 250. 31
24.328 1 DL_VALUE 6 100.
24.377 1 CIRCLE 0. 120. 100.
24.481 1 DESIRED -0.63 0.53 4.9 -100. 20. 210. 0.5 18.
24.508 1 FBW_STATUS 2 0 1 182 0
24.514 1 NAVIGATION 0 0 0. 0. 14400. 14400. 0 0
24.528 1 GPS 0 0 0 0 0 0 0 0 0 0 1
24.627 1 ATTITUDE 0.097522 0. -1.317186
24.727 1 ESTIMATOR 0. 0.
24.729 1 ENERGY 18.200001 0. 0 0.
24.763 1 NAVIGATION 0 0 0. 0. 14400. 14400. 0 0
24.779 1 GPS 0 0 0 0 0 0 0 0 0 0 1
24.827 1 WP_MOVED 1 360285. 4813715. 250. 31
24.831 1 BAT 0 182 0 0 0 1808 1808 0
24.854 1 DOWNLINK_STATUS 38 19324 862 0 503. 22. 6.01
24.927 1 GPS_SOL 0 0 0 0
25.013 1 NAVIGATION 0 0 0. 0. 14400. 14400. 0 0
25.029 1 GPS 0 0 0 0 0 0 0 0 0 0 1
25.035 1 NAVIGATION 0 0 0. 0. 14400. 14400. 0 0
25.127 1 ATTITUDE 0.095989 0. -1.317619
25.131 1 IR_SENSORS 511 -449 -960 62 511
25.131 1 CALIBRATION 0. 1
25.227 1 ESTIMATOR 0. 0.
25.263 1 NAVIGATION 0 0 0. 0. 14400. 14400. 0 0
25.279 1 GPS 0 0 0 0 0 0 0 0 0 0 1
25.327 1 WP_MOVED 0 360327. 4813637. 250. 31
25.427 1 CIRCLE 0. 120. 100.
25.513 1 NAVIGATION 0 0 0. 0. 14400. 14400. 0 0
25.529 1 GPS 0 0 0 0 0 0 0 0 0 0 1
25.537 1 DESIRED -0.63 0.53 4.9 -100. 20. 210. 0.5 18.
25.627 1 ATTITUDE 0.095989 0. -1.317619
25.727 1 ESTIMATOR 0. 0.
25.763 1 NAVIGATION 0 0 0. 0. 14400. 14400. 0 0
25.779 1 GPS 0 0 0 0 0 0 0 0 0 0 1
25.827 1 WP_MOVED 1 360285. 4813715. 250. 31
25.829 1 DL_VALUE 7 2.
25.854 1 DOWNLINK_STATUS 39 19801 883 0 477. 21. 6.01
25.927 1 BAT 0 182 0 0 0 1809 1809 0
26.013 1 NAVIGATION 0 0 0. 0. 14400. 14400. 0 0
26.029 1 GPS 0 0 0 0 0 0 0 0 0 0 1
26.035 1 NAVIGATION 0 0 0. 0. 14400. 14400. 0 0
26.127 1 ATTITUDE 0.095989 0. -1.317619
26.227 1 ESTIMATOR 0. 0.
26.261 1 NAVIGATION 0 0 0. 0. 14400. 14400. 0 0
26.279 1 GPS 0 0 0 0 0 0 0 0 0 0 1
26.327 1 WP_MOVED 0 360327. 4813637. 250. 31
26.331 1 IR_SENSORS 511 -449 -960 62 511
26.478 1 CIRCLE 0. 120. 100.
26.509 1 FBW_STATUS 2 0 1 182 0
26.516 1 NAVIGATION 0 0 0. 0. 14400. 14400. 0 0
26.529 1 GPS 0 0 0 0 0 0 0 0 0 0 1
26.582 1 DESIRED -0.63 0.53 4.9 -100. 20. 210. 0.5 18.
26.612 1 COMMANDS 0,9600,0,-5791,0
26.628 1 ATTITUDE 0.095989 0. -1.317619
26.712 1 ACTUATORS 1000,1699,1801,0,1500,0,1500,2000
26.728 1 ESTIMATOR 0. 0.
26.762 1 NAVIGATION 0 0 0. 0. 14400. 14400. 0 0
26.780 1 GPS 0 0 0 0 0 0 0 0 0 0 1
26.828 1 WP_MOVED 1 360285. 4813715. 250. 31
26.832 1 NAVIGATION_REF 360285 4813595 31
26.855 1 DOWNLINK_STATUS 40 20328 906 0 527. 23. 6.01
26.928 1 GPS_SOL 0 0 0 0
27.012 1 NAVIGATION 0 0 0. 0. 14400. 14400. 0 0
27.030 1 GPS 0 0 0 0 0 0 0 0 0 0 1
27.036 1 NAVIGATION 0 0 0. 0. 14400. 14400. 0 0
27.038 1 BAT 0 182 0 0 0 1810 1810 0
27.128 1 ATTITUDE 0.095989 0. -1.317619
27.228 1 ESTIMATOR 0. 0.
27.230 1 CALIBRATION 0. 1
27.232 1 ENERGY 18.200001 0. 0 0.
27.262 1 NAVIGATION 0 0 0. 0. 14400. 14400. 0 0
27.280 1 GPS 0 0 0 0 0 0 0 0 0 0 1
27.328 1 WP_MOVED 0 360327. 4813637. 250. 31
27.330 1 DL_VALUE 8 0.
27.334 1 ALIVE 217,29,55,143,90,140,199,122,63,140,219,234,159,183,65,191
27.336 1 PONG 
27.428 1 PPRZ_MODE 2 3 3 2 0 6
27.512 1 NAVIGATION 0 0 0. 0. 14400. 14400. 0 0
27.530 1 GPS 0 0 0 0 0 0 0 0 0 0 1
27.534 1 CIRCLE 0. 120. 100.
27.536 1 IR_SENSORS 511 -449 -960 62 511
27.628 1 ATTITUDE 0.095989 0. -1.317619
27.634 1 DESIRED -0.63 0.53 4.9 -100. 20. 210. 0.5 18.
27.636 1 STATE_FILTER_STATUS 3 1533
27.728 1 ESTIMATOR 0. 0.
27.762 1 NAVIGATION 0 0 0. 0. 14400. 14400. 0 0
27.780 1 GPS 0 0 0 0 0 0 0 0 0 0 1
27.828 1 WP_MOVED 1 360285. 4813715. 250. 31
27.855 1 DOWNLINK_STATUS 41 20895 933 0 567. 27. 7.87
28.012 1 NAVIGATION 0 0 0. 0. 14400. 14400. 0 0
28.030 1 GPS 0 0 0 0 0 0 0 0 0 0 1
28.036 1 NAVIGATION 0 0 0. 0. 14400. 14400. 0 0
28.128 1 ATTITUDE 0.095989 0. -1.317619
28.132 1 BAT 0 182 0 0 0 1811 1811 0
28.228 1 ESTIMATOR 0. 0.
28.228 1 DOWNLINK 0 0 40772
28.263 1 NAVIGATION 0 0 0. 0. 14400. 14400. 0 0
28.280 1 GPS 0 0 0 0 0 0 0 0 0 0 1
28.328 1 WP_MOVED 0 360327. 4813637. 250. 31
28.510 1 FBW_STATUS 2 0 1 182 0
28.514 1 NAVIGATION 0 0 0. 0. 14400. 14400. 0 0
28.530 1 GPS 0 0 0 0 0 0 0 0 0 0 1
28.579 1 CIRCLE 0. 120. 100.
28.629 1 ATTITUDE 0.095989 0. -1.317619
28.683 1 DESIRED -0.63 0.53 4.9 -100. 20. 210. 0.5 18.
28.729 1 ESTIMATOR 0. 0.
28.731 1 IR_SENSORS 511 -449 -960 62 511
28.763 1 NAVIGATION 0 0 0. 0. 14400. 14400. 0 0
28.781 1 GPS 0 0 0 0 0 0 0 0 0 0 1
28.829 1 WP_MOVED 1 360285. 4813715. 250. 31
28.831 1 DL_VALUE 9 0.
28.856 1 DOWNLINK_STATUS 42 21389 955 0 494. 22. 7.87
28.929 1 GPS_SOL 0 0 0 0
29.013 1 NAVIGATION 0 0 0. 0. 14400. 14400. 0 0
29.031 1 GPS 0 0 0 0 0 0 0 0 0 0 1
29.035 1 NAVIGATION 0 0 0. 0. 14400. 14400. 0 0
29.129 1 ATTITUDE 0.095989 0. -1.317619
29.229 1 ESTIMATOR 0. 0.
29.231 1 BAT 0 182 0 0 0 1812 1812 0
29.263 1 NAVIGATION 0 0 0. 0. 14400. 14400. 0 0
29.281 1 GPS 0 0 0 0 0 0 0 0 0 0 1
29.329 1 WP_MOVED 0 360327. 4813637. 250. 31
29.331 1 CALIBRATION 0. 1
29.513 1 NAVIGATION 0 0 0. 0. 14400. 14400. 0 0
29.531 1 GPS 0 0 0 0 0 0 0 0 0 0 1
29.629 1 ATTITUDE 0.095989 0. -1.317619
29.631 1 CIRCLE 0. 120. 100.
29.729 1 ESTIMATOR 0. 0.
29.735 1 DESIRED -0.63 0.53 4.9 -100. 20. 210. 0.5 18.
29.739 1 ENERGY 18.200001 0. 0 0.
29.763 1 NAVIGATION 0 0 0. 0. 14400. 14400. 0 0
29.781 1 GPS 0 0 0 0 0 0 0 0 0 0 1
29.829 1 WP_MOVED 1 360285. 4813715. 250. 31
29.856 1 DOWNLINK_STATUS 43 21879 976 0 490. 21. 7.87
29.929 1 IR_SENSORS 511 -449 -960 62 511
30.013 1 NAVIGATION 0 0 0. 0. 14400. 14400. 0 0
30.031 1 GPS 0 0 0 0 0 0 0 0 0 0 1
30.035 1 NAVIGATION 0 0 0. 0. 14400. 14400. 0 0
30.129 1 ATTITUDE 0.095989 0. -1.317619
30.229 1 ESTIMATOR 0. 0.
30.263 1 NAVIGATION 0 0 0. 0. 14400. 14400. 0 0
30.281 1 GPS 0 0 0 0 0 0 0 0 0 0 1
30.329 1 WP_MOVED 0 360327. 4813637. 250. 31
30.333 1 BAT 0 182 0 0 0 1813 1813 0
30.335 1 DL_VALUE 10 0.
30.512 1 FBW_STATUS 2 0 1 182 0
30.516 1 NAVIGATION 0 0 0. 0. 14400. 14400. 0 0
30.532 1 GPS 0 0 0 0 0 0 0 0 0 0 1
30.630 1 ATTITUDE 0.095989 0. -1.317619
30.680 1 CIRCLE 0. 120. 100.
30.730 1 ESTIMATOR 0. 0.
30.764 1 NAVIGATION 0 0 0. 0. 14400. 14400. 0 0
30.782 1 GPS 0 0 0 0 0 0 0 0 0 0 1
30.788 1 DESIRED -0.63 0.53 4.9 -100. 20. 210. 0.5 18.
30.830 1 WP_MOVED 1 360285. 4813715. 250. 31
30.857 1 DOWNLINK_STATUS 44 22362 997 0 483. 21. 7.87
30.930 1 GPS_SOL 0 0 0 0
31.014 1 NAVIGATION 0 0 0. 0. 14400. 14400. 0 0
31.032 1 GPS 0 0 0 0 0 0 0 0 0 0 1
31.036 1 NAVIGATION 0 0 0. 0. 14400. 14400. 0 0
31.130 1 ATTITUDE 0.095989 0. -1.317619
31.132 1 IR_SENSORS 511 -449 -960 62 511
31.230 1 ESTIMATOR 0. 0.
31.264 1 NAVIGATION 0 0 0. 0. 14400. 14400. 0 0
31.282 1 GPS 0 0 0 0 0 0 0 0 0 0 1
31.330 1 WP_MOVED 0 360327. 4813637. 250. 31
31.430 1 BAT 0 182 0 0 0 1814 1814 0
31.432 1 CALIBRATION 0. 1
31.514 1 NAVIGATION 0 0 0. 0. 14400. 14400. 0 0
31.532 1 GPS 0 0 0 0 0 0 0 0 0 0 1
31.612 1 COMMANDS 0,9600,0,-5791,0
31.630 1 ATTITUDE 0.095989 0. -1.317619
31.714 1 ACTUATORS 1000,1699,1801,0,1500,0,1500,2000
31.728 1 ESTIMATOR 0. 0.
31.732 1 CIRCLE 0. 120. 100.
31.764 1 NAVIGATION 0 0 0. 0. 14400. 14400. 0 0
31.782 1 GPS 0 0 0 0 0 0 0 0 0 0 1
31.830 1 WP_MOVED 1 360285. 4813715. 250. 31
31.836 1 DESIRED -0.63 0.53 4.9 -100. 20. 210. 0.5 18.
31.838 1 DL_VALUE 0 0.
31.857 1 DOWNLINK_STATUS 45 22899 1021 0 537. 24. 7.87
32.014 1 NAVIGATION 0 0 0. 0. 14400. 14400. 0 0
32.032 1 GPS 0 0 0 0 0 0 0 0 0 0 1
32.036 1 NAVIGATION 0 0 0. 0. 14400. 14400. 0 0
32.130 1 ATTITUDE 0.095989 0. -1.317619
32.228 1 ESTIMATOR 0. 0.
32.232 1 ENERGY 18.200001 0. 0 0.
32.264 1 NAVIGATION 0 0 0. 0. 14400. 14400. 0 0
32.282 1 GPS 0 0 0 0 0 0 0 0 0 0 1
32.330 1 WP_MOVED 0 360327. 4813637. 250. 31
32.332 1 IR_SENSORS 511 -448 -959 63 511
32.336 1 ALIVE 217,29,55,143,90,140,199,122,63,140,219,234,159,183,65,191
32.338 1 PONG 
32.428 1 PPRZ_MODE 2 3 3 2 0 6
32.513 1 FBW_STATUS 2 0 1 182 0
32.516 1 NAVIGATION 0 0 0. 0. 14400. 14400. 0 0
32.533 1 GPS 0 0 0 0 0 0 0 0 0 0 1
32.536 1 BAT 0 182 0 0 0 1816 1816 0
32.631 1 ATTITUDE 0.095989 0. -1.317619
32.633 1 STATE_FILTER_STATUS 3 1533
32.729 1 ESTIMATOR 0. 0.
32.765 1 NAVIGATION 0 0 0. 0. 14400. 14400. 0 0
32.783 1 GPS 0 0 0 0 0 0 0 0 0 0 1
32.787 1 CIRCLE 0. 120. 100.
32.831 1 WP_MOVED 1 360285. 4813715. 250. 31
32.837 1 WIND_INFO 1 42 0. 0. 0.
32.858 1 DOWNLINK_STATUS 46 23403 1045 0 504. 24. 9.98
32.883 1 DESIRED -0.63 0.53 4.9 -100. 20. 210. 0.5 18.
32.931 1 GPS_SOL 0 0 0 0
33.015 1 NAVIGATION 0 0 0. 0. 14400. 14400. 0 0
33.033 1 GPS 0 0 0 0 0 0 0 0 0 0 1
33.037 1 NAVIGATION 0 0 0. 0. 14400. 14400. 0 0
33.131 1 ATTITUDE 0.097522 0. -1.317186
33.229 1 ESTIMATOR 0. 0.
33.265 1 NAVIGATION 0 0 0. 0. 14400. 14400. 0 0
33.283 1 GPS 0 0 0 0 0 0 0 0 0 0 1
33.331 1 WP_MOVED 0 360327. 4813637. 250. 31
33.333 1 DL_VALUE 1 0.
33.335 1 DOWNLINK 0 516 40889
33.515 1 NAVIGATION 0 0 0. 0. 14400. 14400. 0 0
33.533 1 GPS 0 0 0 0 0 0 0 0 0 0 1
33.535 1 IR_SENSORS 511 -448 -959 63 511
33.537 1 CALIBRATION 0. 1
33.631 1 ATTITUDE 0.095989 0. -1.317619
33.633 1 BAT 0 182 0 0 0 1817 1817 0
33.729 1 ESTIMATOR 0. 0.
33.765 1 NAVIGATION 0 0 0. 0. 14400. 14400. 0 0
33.783 1 GPS 0 0 0 0 0 0 0 0 0 0 1
33.831 1 WP_MOVED 1 360285. 4813715. 250. 31
33.833 1 CIRCLE 0. 120. 100.
33.858 1 DOWNLINK_STATUS 47 23911 1068 0 508. 23. 9.98
33.933 1 DESIRED -0.63 0.53 4.9 -100. 20. 210. 0.5 18.
34.015 1 NAVIGATION 0 0 0. 0. 14400. 14400. 0 0
34.033 1 GPS 0 0 0 0 0 0 0 0 0 0 1
34.037 1 NAVIGATION 0 0 0. 0. 14400. 14400. 0 0
34.131 1 ATTITUDE 0.095989 0. -1.317619
34.229 1 ESTIMATOR 0. 0.
34.265 1 NAVIGATION 0 0 0. 0. 14400. 14400. 0 0
34.283 1 GPS 0 0 0 0 0 0 0 0 0 0 1
34.332 1 WP_MOVED 0 360327. 4813637. 250. 31
34.514 1 FBW_STATUS 2 0 1 182 0
34.518 1 NAVIGATION 0 0 0. 0. 14400. 14400. 0 0
34.534 1 GPS 0 0 0 0 0 0 0 0 0 0 1
34.632 1 ATTITUDE 0.095989 0. -1.317619
34.730 1 ESTIMATOR 0. 0.
34.734 1 BAT 0 182 0 0 0 1818 1818 0
34.736 1 IR_SENSORS 511 -449 -960 62 511
34.740 1 ENERGY 18.200001 0. 0 0.
34.766 1 NAVIGATION 0 0 0. 0. 14400. 14400. 0 0
34.784 1 GPS 0 0 0 0 0 0 0 0 0 0 1
34.832 1 WP_MOVED 1 360285. 4813715. 250. 31
34.834 1 DL_VALUE 2 210.
34.859 1 DOWNLINK_STATUS 48 24396 1089 0 485. 21. 9.98
34.882 1 CIRCLE 0. 120. 100.
34.930 1 GPS_SOL 0 0 0 0
34.984 1 DESIRED -0.63 0.53 4.9 -100. 20. 210. 0.5 18.
35.016 1 NAVIGATION 0 0 0. 0. 14400. 14400. 0 0
35.034 1 GPS 0 0 0 0 0 0 0 0 0 0 1
35.038 1 NAVIGATION 0 0 0. 0. 14400. 14400. 0 0
35.132 1 ATTITUDE 0.095989 0. -1.317619
35.230 1 ESTIMATOR 0. 0.
35.266 1 NAVIGATION 0 0 0. 0. 14400. 14400. 0 0
35.284 1 GPS 0 0 0 0 0 0 0 0 0 0 1
35.332 1 WP_MOVED 0 360327. 4813637. 250. 31
35.516 1 NAVIGATION 0 0 0. 0. 14400. 14400. 0 0
35.534 1 GPS 0 0 0 0 0 0 0 0 0 0 1
35.632 1 ATTITUDE 0.095989 0. -1.317619
35.632 1 CALIBRATION 0. 1
35.730 1 ESTIMATOR 0. 0.
35.766 1 NAVIGATION 0 0 0. 0. 14400. 14400. 0 0
35.784 1 GPS 0 0 0 0 0 0 0 0 0 0 1
35.832 1 WP_MOVED 1 360285. 4813715. 250. 31
35.836 1 BAT 0 182 0 0 0 1819 1819 0
35.838 1 NAVIGATION_REF 360285 4813595 31
35.859 1 DOWNLINK_STATUS 49 24881 1110 0 485. 21. 9.98
35.932 1 CIRCLE 0. 120. 100.
35.934 1 IR_SENSORS 511 -449 -960 62 511
36.016 1 NAVIGATION 0 0 0. 0. 14400. 14400. 0 0
36.034 1 GPS 0 0 0 0 0 0 0 0 0 0 1
36.038 1 NAVIGATION 0 0 0. 0. 14400. 14400. 0 0
36.044 1 DESIRED -0.63 0.53 4.9 -100. 20. 210. 0.5 18.
