4.854 2 ACTUATORS 1281,1500,1500,0,1426,0,1500,1500
4.873 2 GPS 0 0 0 0 0 0 0 0 0 0 1
4.875 2 ESTIMATOR 0. 0.
4.879 2 ATTITUDE 0.095989 0. -1.317619
4.972 2 GPS 0 0 0 0 0 0 0 0 0 0 1
4.974 2 ESTIMATOR 0. 0.
4.978 2 WP_MOVED 5 374869. 4223008. 75. 18
4.983 2 DOWNLINK_STATUS 5 4855 219 0 994. 45. 0.
5.004 2 NAVIGATION 3 1 0. 0. 0. 0. 0 0
5.009 2 COMMANDS 2700,0,-1425,0,0
5.073 2 GPS 0 0 0 0 0 0 0 0 0 0 1
5.074 2 ESTIMATOR 0. 0.
5.081 2 NAVIGATION 3 1 0. 0. 0. 0. 0 0
5.083 2 GPS_SOL 0 0 0 0
5.104 2 ACTUATORS 1281,1500,1500,0,1426,0,1500,1500
5.173 2 GPS 0 0 0 0 0 0 0 0 0 0 1
5.175 2 ESTIMATOR 0. 0.
5.253 2 COMMANDS 2700,0,-1425,0,0
5.257 2 NAVIGATION 3 1 0. 0. 0. 0. 0 0
5.273 2 GPS 0 0 0 0 0 0 0 0 0 0 1
5.274 2 ESTIMATOR 0. 0.
5.281 2 DESIRED 0.01 inf 0. 0. 0. 50. 0. 18.
5.355 2 ACTUATORS 1281,1500,1500,0,1426,0,1500,1500
5.373 2 GPS 0 0 0 0 0 0 0 0 0 0 1
5.374 2 ESTIMATOR 0. 0.
5.379 2 ATTITUDE 0.095989 0. -1.317619
5.383 2 BAT 2700 362 1023 0 0 0 1927 1927 0
5.473 2 GPS 0 0 0 0 0 0 0 0 0 0 1
5.475 2 ESTIMATOR 0. 0.
5.479 2 WP_MOVED 6 374869. 4223033. 75. 18
5.481 2 DL_VALUE 18 0.15
5.487 2 PONG 
5.503 2 COMMANDS 2700,0,-1425,0,0
5.507 2 NAVIGATION 3 1 0. 0. 0. 0. 0 0
5.573 2 GPS 0 0 0 0 0 0 0 0 0 0 1
5.575 2 ESTIMATOR 0. 0.
5.604 2 ACTUATORS 1281,1500,1500,0,1426,0,1500,1500
5.673 2 GPS 0 0 0 0 0 0 0 0 0 0 1
5.674 2 ESTIMATOR 0. 0.
5.679 2 IR_SENSORS 511 -449 -960 62 511
5.753 2 COMMANDS 2700,0,-1425,0,0
5.757 2 NAVIGATION 3 1 0. 0. 0. 0. 0 0
5.773 2 GPS 0 0 0 0 0 0 0 0 0 0 1
5.774 2 ESTIMATOR 0. 0.
5.854 2 ACTUATORS 1281,1500,1500,0,1426,0,1500,1500
5.873 2 GPS 0 0 0 0 0 0 0 0 0 0 1
5.874 2 ESTIMATOR 0. 0.
5.879 2 ATTITUDE 0.095989 0. -1.317619
5.973 2 GPS 0 0 0 0 0 0 0 0 0 0 1
5.974 2 ESTIMATOR 0. 0.
5.979 2 WP_MOVED 7 374869. 4223058. 75. 18
5.980 2 CALIBRATION 0. 0
5.985 2 DOWNLINK_STATUS 6 5813 263 0 958. 44. 6.
6.005 2 NAVIGATION 3 1 0. 0. 0. 0. 0 0
6.007 2 COMMANDS 2700,0,-1425,0,0
6.053 2 FBW_STATUS 0 49 1 362 0 1
6.073 2 GPS 0 0 0 0 0 0 0 0 0 0 1
6.074 2 ESTIMATOR 0. 0.
6.078 2 NAVIGATION 3 1 0. 0. 0. 0. 0 0
6.104 2 ACTUATORS 1281,1500,1500,0,1426,0,1500,1500
6.173 2 GPS 0 0 0 0 0 0 0 0 0 0 1
6.174 2 ESTIMATOR 0. 0.
6.253 2 COMMANDS 2700,0,-1425,0,0
6.257 2 NAVIGATION 3 1 0. 0. 0. 0. 0 0
6.273 2 GPS 0 0 0 0 0 0 0 0 0 0 1
6.274 2 ESTIMATOR 0. 0.
6.323 2 DESIRED 0.01 inf 0. 0. 0. 50. 0. 18.
6.354 2 ACTUATORS 1281,1500,1500,0,1426,0,1500,1500
6.373 2 GPS 0 0 0 0 0 0 0 0 0 0 1
6.374 2 ESTIMATOR 0. 0.
6.379 2 ATTITUDE 0.095989 0. -1.317619
6.472 2 GPS 0 0 0 0 0 0 0 0 0 0 1
6.474 2 ESTIMATOR 0. 0.
6.478 2 WP_MOVED 8 374869. 4223083. 75. 18
6.483 2 BAT 2700 362 1023 0 0 0 1928 1928 0
6.503 2 COMMANDS 2700,0,-1425,0,0
6.507 2 NAVIGATION 3 1 0. 0. 0. 0. 0 0
6.573 2 GPS 0 0 0 0 0 0 0 0 0 0 1
6.574 2 ESTIMATOR 0. 0.
6.604 2 ACTUATORS 1281,1500,1500,0,1426,0,1500,1500
6.673 2 GPS 0 0 0 0 0 0 0 0 0 0 1
6.674 2 ESTIMATOR 0. 0.
6.754 2 NAVIGATION 3 1 0. 0. 0. 0. 0 0
6.757 2 COMMANDS 2700,0,-1425,0,0
6.773 2 GPS 0 0 0 0 0 0 0 0 0 0 1
6.774 2 ESTIMATOR 0. 0.
6.854 2 ACTUATORS 1281,1500,1500,0,1426,0,1500,1500
6.873 2 GPS 0 0 0 0 0 0 0 0 0 0 1
6.874 2 ESTIMATOR 0. 0.
6.879 2 ATTITUDE 0.097522 0. -1.317186
6.881 2 IR_SENSORS 511 -449 -960 62 511
6.884 2 ENERGY 36.200001 0. 0 0.
6.973 2 GPS 0 0 0 0 0 0 0 0 0 0 1
6.974 2 ESTIMATOR 0. 0.
6.979 2 WP_MOVED 9 374869. 4223108. 75. 18
6.980 2 DL_VALUE 19 0.14
6.985 2 DOWNLINK_STATUS 7 6774 306 0 961. 43. 6.
7.003 2 COMMANDS 2700,0,-1425,0,0
7.007 2 NAVIGATION 3 1 0. 0. 0. 0. 0 0
7.073 2 GPS 0 0 0 0 0 0 0 0 0 0 1
7.074 2 ESTIMATOR 0. 0.
7.078 2 NAVIGATION 3 1 0. 0. 0. 0. 0 0
7.083 2 GPS_SOL 0 0 0 0
7.104 2 ACTUATORS 1281,1500,1500,0,1426,0,1500,1500
7.173 2 GPS 0 0 0 0 0 0 0 0 0 0 1
7.174 2 ESTIMATOR 0. 0.
7.253 2 COMMANDS 2700,0,-1425,0,0
7.257 2 NAVIGATION 3 1 0. 0. 0. 0. 0 0
7.273 2 GPS 0 0 0 0 0 0 0 0 0 0 1
7.274 2 ESTIMATOR 0. 0.
7.354 2 ACTUATORS 1281,1500,1500,0,1426,0,1500,1500
7.373 2 GPS 0 0 0 0 0 0 0 0 0 0 1
7.374 2 ESTIMATOR 0. 0.
7.379 2 ATTITUDE 0.095989 0. -1.317619
7.384 2 DESIRED 0.01 inf 0. 0. 0. 50. 0. 18.
7.473 2 GPS 0 0 0 0 0 0 0 0 0 0 1
7.474 2 ESTIMATOR 0. 0.
7.478 2 WP_MOVED 0 374931. 4223100. 75. 18
7.503 2 COMMANDS 2700,0,-1425,0,0
7.507 2 NAVIGATION 3 1 0. 0. 0. 0. 0 0
7.573 2 GPS 0 0 0 0 0 0 0 0 0 0 1
7.574 2 ESTIMATOR 0. 0.
7.579 2 BAT 2700 362 1023 0 0 0 1929 1929 0
7.605 2 ACTUATORS 1281,1500,1500,0,1426,0,1500,1500
7.672 2 GPS 0 0 0 0 0 0 0 0 0 0 1
7.675 2 ESTIMATOR 0. 0.
7.753 2 COMMANDS 2700,0,-1425,0,0
7.757 2 NAVIGATION 3 1 0. 0. 0. 0. 0 0
7.773 2 GPS 0 0 0 0 0 0 0 0 0 0 1
7.774 2 ESTIMATOR 0. 0.
7.855 2 ACTUATORS 1281,1500,1500,0,1426,0,1500,1500
7.873 2 GPS 0 0 0 0 0 0 0 0 0 0 1
7.874 2 ESTIMATOR 0. 0.
7.879 2 ATTITUDE 0.095989 0. -1.317619
7.879 2 DOWNLINK 31 956 62525
7.973 2 GPS 0 0 0 0 0 0 0 0 0 0 1
7.974 2 ESTIMATOR 0. 0.
7.978 2 WP_MOVED 1 374889. 4223058. 75. 18
7.986 2 DOWNLINK_STATUS 8 7699 347 0 925. 41. 6.
8.002 2 COMMANDS 2700,0,-1425,0,0
8.009 2 NAVIGATION 3 1 0. 0. 0. 0. 0 0
8.052 2 FBW_STATUS 0 47 1 362 0 1
8.072 2 GPS 0 0 0 0 0 0 0 0 0 0 1
8.074 2 ESTIMATOR 0. 0.
8.078 2 NAVIGATION 3 1 0. 0. 0. 0. 0 0
8.083 2 IR_SENSORS 511 -449 -960 62 511
8.086 2 CALIBRATION 0. 0
8.104 2 ACTUATORS 1281,1500,1500,0,1426,0,1500,1500
8.172 2 GPS 0 0 0 0 0 0 0 0 0 0 1
8.174 2 ESTIMATOR 0. 0.
8.252 2 COMMANDS 2700,0,-1425,0,0
8.257 2 NAVIGATION 3 1 0. 0. 0. 0. 0 0
8.273 2 GPS 0 0 0 0 0 0 0 0 0 0 1
8.274 2 ESTIMATOR 0. 0.
8.355 2 ACTUATORS 1281,1500,1500,0,1426,0,1500,1500
8.373 2 GPS 0 0 0 0 0 0 0 0 0 0 1
8.374 2 ESTIMATOR 0. 0.
8.377 2 ATTITUDE 0.095989 0. -1.317619
8.422 2 DESIRED 0.01 inf 0. 0. 0. 50. 0. 18.
8.472 2 GPS 0 0 0 0 0 0 0 0 0 0 1
8.474 2 ESTIMATOR 0. 0.
8.478 2 WP_MOVED 2 374909. 4223138. 75. 18
8.480 2 DL_VALUE 20 0.
8.505 2 NAVIGATION 3 1 0. 0. 0. 0. 0 0
8.507 2 COMMANDS 2700,0,-1425,0,0
8.572 2 GPS 0 0 0 0 0 0 0 0 0 0 1
8.574 2 ESTIMATOR 0. 0.
8.604 2 ACTUATORS 1281,1500,1500,0,1426,0,1500,1500
8.673 2 GPS 0 0 0 0 0 0 0 0 0 0 1
8.674 2 ESTIMATOR 0. 0.
8.679 2 BAT 2700 362 1023 0 0 0 1930 1930 0
8.753 2 COMMANDS 2700,0,-1425,0,0
8.757 2 NAVIGATION 3 1 0. 0. 0. 0. 0 0
8.773 2 GPS 0 0 0 0 0 0 0 0 0 0 1
8.774 2 ESTIMATOR 0. 0.
8.855 2 ACTUATORS 1281,1500,1500,0,1426,0,1500,1500
8.872 2 GPS 0 0 0 0 0 0 0 0 0 0 1
8.874 2 ESTIMATOR 0. 0.
8.880 2 ATTITUDE 0.095989 0. -1.317619
8.972 2 GPS 0 0 0 0 0 0 0 0 0 0 1
8.974 2 ESTIMATOR 0. 0.
8.978 2 WP_MOVED 3 374933.8125 4223160. 75. 18
8.986 2 DOWNLINK_STATUS 9 8651 390 0 952. 43. 6.
9.002 2 COMMANDS 2700,0,-1425,0,0
9.006 2 NAVIGATION 3 1 0. 0. 0. 0. 0 0
9.073 2 GPS 0 0 0 0 0 0 0 0 0 0 1
9.075 2 ESTIMATOR 0. 0.
9.079 2 NAVIGATION 3 1 0. 0. 0. 0. 0 0
9.083 2 GPS_SOL 0 0 0 0
9.104 2 ACTUATORS 1281,1500,1500,0,1426,0,1500,1500
9.173 2 GPS 0 0 0 0 0 0 0 0 0 0 1
9.175 2 ESTIMATOR 0. 0.
9.253 2 COMMANDS 2700,0,-1425,0,0
9.257 2 NAVIGATION 3 1 0. 0. 0. 0. 0 0
9.273 2 GPS 0 0 0 0 0 0 0 0 0 0 1
9.275 2 ESTIMATOR 0. 0.
9.277 2 IR_SENSORS 511 -449 -960 62 511
9.353 2 ACTUATORS 1281,1500,1500,0,1426,0,1500,1500
9.373 2 GPS 0 0 0 0 0 0 0 0 0 0 1
9.374 2 ESTIMATOR 0. 0.
9.376 2 ATTITUDE 0.095989 0. -1.317619
9.381 2 ENERGY 36.200001 0. 0 0.
9.473 2 GPS 0 0 0 0 0 0 0 0 0 0 1
9.475 2 ESTIMATOR 0. 0.
9.479 2 WP_MOVED 4 374825.5 4223181. 75. 18
9.484 2 DESIRED 0.01 inf 0. 0. 0. 50. 0. 18.
9.489 2 ALIVE 252,180,207,33,108,138,46,108,225,101,137,207,232,35,84,33
9.503 2 COMMANDS 2700,0,-1425,0,0
9.507 2 NAVIGATION 3 1 0. 0. 0. 0. 0 0
9.573 2 GPS 0 0 0 0 0 0 0 0 0 0 1
9.575 2 ESTIMATOR 0. 0.
9.577 2 PPRZ_MODE 1 1 2 0 0 21
9.603 2 ACTUATORS 1281,1500,1500,0,1426,0,1500,1500
9.673 2 GPS 0 0 0 0 0 0 0 0 0 0 1
9.674 2 ESTIMATOR 0. 0.
9.753 2 COMMANDS 2700,0,-1425,0,0
9.757 2 NAVIGATION 3 1 0. 0. 0. 0. 0 0
9.773 2 GPS 0 0 0 0 0 0 0 0 0 0 1
9.774 2 ESTIMATOR 0. 0.
9.779 2 BAT 2700 362 1023 0 0 0 1932 1932 0
9.781 2 STATE_FILTER_STATUS 3 1533
9.853 2 ACTUATORS 1281,1500,1500,0,1426,0,1500,1500
9.873 2 GPS 0 0 0 0 0 0 0 0 0 0 1
9.875 2 ESTIMATOR 0. 0.
9.877 2 ATTITUDE 0.095989 0. -1.317619
9.973 2 GPS 0 0 0 0 0 0 0 0 0 0 1
9.974 2 ESTIMATOR 0. 0.
9.979 2 WP_MOVED 5 374869. 4223008. 75. 18
9.981 2 DL_VALUE 21 50.
9.988 2 DOWNLINK_STATUS 10 9656 436 0 1005. 46. 6.
10.003 2 COMMANDS 2700,0,-1425,0,0
10.007 2 NAVIGATION 3 1 0. 0. 0. 0. 0 0
10.053 2 FBW_STATUS 0 48 1 362 0 1
10.073 2 GPS 0 0 0 0 0 0 0 0 0 0 1
10.074 2 ESTIMATOR 0. 0.
10.079 2 NAVIGATION 3 1 0. 0. 0. 0. 0 0
10.103 2 ACTUATORS 1281,1500,1500,0,1426,0,1500,1500
10.173 2 GPS 0 0 0 0 0 0 0 0 0 0 1
10.174 2 ESTIMATOR 0. 0.
10.177 2 CALIBRATION 0. 0
10.253 2 COMMANDS 2700,0,-1425,0,0
10.257 2 NAVIGATION 3 1 0. 0. 0. 0. 0 0
10.273 2 GPS 0 0 0 0 0 0 0 0 0 0 1
10.275 2 ESTIMATOR 0. 0.
10.353 2 ACTUATORS 1281,1500,1500,0,1426,0,1500,1500
10.373 2 GPS 0 0 0 0 0 0 0 0 0 0 1
10.375 2 ESTIMATOR 0. 0.
10.376 2 ATTITUDE 0.095989 0. -1.317619
10.473 2 GPS 0 0 0 0 0 0 0 0 0 0 1
10.474 2 ESTIMATOR 0. 0.
10.478 2 WP_MOVED 6 374869. 4223033. 75. 18
10.481 2 IR_SENSORS 511 -449 -960 62 511
10.487 2 PONG 
10.504 2 NAVIGATION 3 1 0. 0. 0. 0. 0 0
10.507 2 COMMANDS 2700,0,-1425,0,0
10.523 2 DESIRED 0.01 inf 0. 0. 0. 50. 0. 18.
10.573 2 GPS 0 0 0 0 0 0 0 0 0 0 1
10.575 2 ESTIMATOR 0. 0.
10.603 2 ACTUATORS 1281,1500,1500,0,1426,0,1500,1500
10.673 2 GPS 0 0 0 0 0 0 0 0 0 0 1
10.674 2 ESTIMATOR 0. 0.
10.753 2 COMMANDS 2700,0,-1425,0,0
10.756 2 NAVIGATION 3 1 0. 0. 0. 0. 0 0
10.773 2 GPS 0 0 0 0 0 0 0 0 0 0 1
10.774 2 ESTIMATOR 0. 0.
10.853 2 ACTUATORS 1281,1500,1500,0,1426,0,1500,1500
10.873 2 GPS 0 0 0 0 0 0 0 0 0 0 1
10.875 2 ESTIMATOR 0. 0.
10.877 2 ATTITUDE 0.095989 0. -1.317619
10.881 2 BAT 2700 362 1023 0 0 0 1933 1933 0
10.973 2 GPS 0 0 0 0 0 0 0 0 0 0 1
10.975 2 ESTIMATOR 0. 0.
10.976 2 WP_MOVED 7 374869. 4223058. 75. 18
10.981 2 NAVIGATION_REF 374889 4223058 18
10.989 2 DOWNLINK_STATUS 11 10618 480 0 962. 44. 5.91
11.003 2 COMMANDS 2700,0,-1425,0,0
11.007 2 NAVIGATION 3 1 0. 0. 0. 0. 0 0
11.073 2 GPS 0 0 0 0 0 0 0 0 0 0 1
11.074 2 ESTIMATOR 0. 0.
11.079 2 NAVIGATION 3 1 0. 0. 0. 0. 0 0
11.081 2 GPS_SOL 0 0 0 0
11.105 2 ACTUATORS 1281,1500,1500,0,1426,0,1500,1500
11.173 2 GPS 0 0 0 0 0 0 0 0 0 0 1
11.174 2 ESTIMATOR 0. 0.
11.253 2 COMMANDS 2700,0,-1425,0,0
11.257 2 NAVIGATION 3 1 0. 0. 0. 0. 0 0
11.273 2 GPS 0 0 0 0 0 0 0 0 0 0 1
11.275 2 ESTIMATOR 0. 0.
11.352 2 ACTUATORS 1281,1500,1500,0,1426,0,1500,1500
11.373 2 GPS 0 0 0 0 0 0 0 0 0 0 1
11.375 2 ESTIMATOR 0. 0.
11.377 2 ATTITUDE 0.095989 0. -1.317619
11.473 2 GPS 0 0 0 0 0 0 0 0 0 0 1
11.475 2 ESTIMATOR 0. 0.
11.478 2 WP_MOVED 8 374869. 4223083. 75. 18
11.480 2 DL_VALUE 22 0.
11.503 2 COMMANDS 2700,0,-1425,0,0
11.506 2 NAVIGATION 3 1 0. 0. 0. 0. 0 0
11.573 2 GPS 0 0 0 0 0 0 0 0 0 0 1
11.575 2 ESTIMATOR 0. 0.
11.580 2 DESIRED 0.01 inf 0. 0. 0. 50. 0. 18.
11.605 2 ACTUATORS 1281,1500,1500,0,1426,0,1500,1500
11.673 2 GPS 0 0 0 0 0 0 0 0 0 0 1
11.674 2 ESTIMATOR 0. 0.
11.677 2 IR_SENSORS 511 -449 -960 62 511
11.755 2 NAVIGATION 3 1 0. 0. 0. 0. 0 0
11.757 2 COMMANDS 2700,0,-1425,0,0
11.773 2 GPS 0 0 0 0 0 0 0 0 0 0 1
11.774 2 ESTIMATOR 0. 0.
11.853 2 ACTUATORS 1281,1500,1500,0,1426,0,1500,1500
11.873 2 GPS 0 0 0 0 0 0 0 0 0 0 1
11.874 2 ESTIMATOR 0. 0.
11.879 2 ATTITUDE 0.095989 0. -1.317619
11.880 2 ENERGY 36.200001 0. 0 0.
11.973 2 GPS 0 0 0 0 0 0 0 0 0 0 1
11.974 2 ESTIMATOR 0. 0.
11.979 2 WP_MOVED 9 374869. 4223108. 75. 18
11.983 2 BAT 2700 362 1023 0 0 0 1934 1934 0
11.990 2 DOWNLINK_STATUS 12 11579 523 0 961. 43. 5.91
12.003 2 COMMANDS 2700,0,-1425,0,0
12.007 2 NAVIGATION 3 1 0. 0. 0. 0. 0 0
12.053 2 FBW_STATUS 0 48 1 362 0 1
12.073 2 GPS 0 0 0 0 0 0 0 0 0 0 1
12.075 2 ESTIMATOR 0. 0.
12.079 2 NAVIGATION 3 1 0. 0. 0. 0. 0 0
12.103 2 ACTUATORS 1281,1500,1500,0,1426,0,1500,1500
12.194 2 GPS 0 0 0 0 0 0 0 0 0 0 1
12.195 2 ESTIMATOR 0. 0.
12.254 2 NAVIGATION 3 1 0. 0. 0. 0. 0 0
12.257 2 COMMANDS 2700,0,-1425,0,0
12.271 2 GPS 0 0 0 0 0 0 0 0 0 0 1
12.275 2 ESTIMATOR 0. 0.
12.277 2 CALIBRATION 0. 0
12.353 2 ACTUATORS 1281,1500,1500,0,1426,0,1500,1500
12.371 2 GPS 0 0 0 0 0 0 0 0 0 0 1
12.375 2 ESTIMATOR 0. 0.
12.377 2 ATTITUDE 0.095989 0. -1.317619
12.471 2 GPS 0 0 0 0 0 0 0 0 0 0 1
12.475 2 ESTIMATOR 0. 0.
12.477 2 WP_MOVED 0 374931. 4223100. 75. 18
12.503 2 NAVIGATION 3 1 0. 0. 0. 0. 0 0
12.507 2 COMMANDS 2700,0,-1425,0,0
12.571 2 GPS 0 0 0 0 0 0 0 0 0 0 1
12.575 2 ESTIMATOR 0. 0.
12.603 2 ACTUATORS 1281,1500,1500,0,1426,0,1500,1500
12.623 2 DESIRED 0.01 inf 0. 0. 0. 50. 0. 18.
12.671 2 GPS 0 0 0 0 0 0 0 0 0 0 1
12.675 2 ESTIMATOR 0. 0.
12.754 2 NAVIGATION 3 1 0. 0. 0. 0. 0 0
12.758 2 COMMANDS 2700,0,-1425,0,0
12.771 2 GPS 0 0 0 0 0 0 0 0 0 0 1
12.773 2 ESTIMATOR 0. 0.
12.854 2 ACTUATORS 1281,1500,1500,0,1426,0,1500,1500
12.872 2 GPS 0 0 0 0 0 0 0 0 0 0 1
12.874 2 ESTIMATOR 0. 0.
12.878 2 ATTITUDE 0.095989 0. -1.317619
12.880 2 IR_SENSORS 511 -449 -960 62 511
12.972 2 GPS 0 0 0 0 0 0 0 0 0 0 1
12.973 2 ESTIMATOR 0. 0.
12.978 2 WP_MOVED 1 374889. 4223058. 75. 18
12.979 2 DL_VALUE 23 0.
12.982 2 DOWNLINK 31 958 62747
12.991 2 DOWNLINK_STATUS 13 12519 566 0 940. 43. 5.91
13.002 2 COMMANDS 2700,0,-1425,0,0
13.007 2 NAVIGATION 3 1 0. 0. 0. 0. 0 0
13.072 2 GPS 0 0 0 0 0 0 0 0 0 0 1
13.073 2 ESTIMATOR 0. 0.
13.078 2 NAVIGATION 3 1 0. 0. 0. 0. 0 0
13.082 2 BAT 2700 362 1023 0 0 0 1935 1935 0
13.085 2 GPS_SOL 0 0 0 0
13.103 2 ACTUATORS 1281,1500,1500,0,1426,0,1500,1500
13.172 2 GPS 0 0 0 0 0 0 0 0 0 0 1
13.174 2 ESTIMATOR 0. 0.
13.252 2 COMMANDS 2700,0,-1425,0,0
13.255 2 NAVIGATION 3 1 0. 0. 0. 0. 0 0
13.272 2 GPS 0 0 0 0 0 0 0 0 0 0 1
13.274 2 ESTIMATOR 0. 0.
13.353 2 ACTUATORS 1281,1500,1500,0,1426,0,1500,1500
13.372 2 GPS 0 0 0 0 0 0 0 0 0 0 1
13.374 2 ESTIMATOR 0. 0.
13.378 2 ATTITUDE 0.095989 0. -1.317619
13.472 2 GPS 0 0 0 0 0 0 0 0 0 0 1
13.473 2 ESTIMATOR 0. 0.
13.478 2 WP_MOVED 2 374909. 4223138. 75. 18
13.501 2 COMMANDS 2700,0,-1425,0,0
13.505 2 NAVIGATION 3 1 0. 0. 0. 0. 0 0
13.572 2 GPS 0 0 0 0 0 0 0 0 0 0 1
13.573 2 ESTIMATOR 0. 0.
13.604 2 ACTUATORS 1281,1500,1500,0,1426,0,1500,1500
13.672 2 GPS 0 0 0 0 0 0 0 0 0 0 1
13.673 2 ESTIMATOR 0. 0.
13.680 2 DESIRED 0.01 inf 0. 0. 0. 50. 0. 18.
13.752 2 COMMANDS 2700,0,-1425,0,0
13.755 2 NAVIGATION 3 1 0. 0. 0. 0. 0 0
13.772 2 GPS 0 0 0 0 0 0 0 0 0 0 1
13.773 2 ESTIMATOR 0. 0.
13.854 2 ACTUATORS 1281,1500,1500,0,1426,0,1500,1500
13.872 2 GPS 0 0 0 0 0 0 0 0 0 0 1
13.873 2 ESTIMATOR 0. 0.
13.878 2 ATTITUDE 0.095989 0. -1.317619
13.972 2 GPS 0 0 0 0 0 0 0 0 0 0 1
13.973 2 ESTIMATOR 0. 0.
13.977 2 WP_MOVED 3 374933.8125 4223160. 75. 18
13.992 2 DOWNLINK_STATUS 14 13433 606 0 914. 40. 5.91
14.003 2 COMMANDS 2700,0,-1425,0,0
14.007 2 NAVIGATION 3 1 0. 0. 0. 0. 0 0
14.053 2 FBW_STATUS 0 49 1 362 0 1
14.073 2 GPS 0 0 0 0 0 0 0 0 0 0 1
14.074 2 ESTIMATOR 0. 0.
14.079 2 NAVIGATION 3 1 0. 0. 0. 0. 0 0
14.081 2 IR_SENSORS 511 -449 -960 62 511
14.103 2 ACTUATORS 1281,1500,1500,0,1426,0,1500,1500
14.171 2 GPS 0 0 0 0 0 0 0 0 0 0 1
14.175 2 ESTIMATOR 0. 0.
14.179 2 BAT 2700 362 1023 0 0 0 1936 1936 0
14.252 2 COMMANDS 2700,0,-1425,0,0
14.257 2 NAVIGATION 3 1 0. 0. 0. 0. 0 0
14.271 2 GPS 0 0 0 0 0 0 0 0 0 0 1
14.275 2 ESTIMATOR 0. 0.
14.353 2 ACTUATORS 1281,1500,1500,0,1426,0,1500,1500
14.371 2 GPS 0 0 0 0 0 0 0 0 0 0 1
14.376 2 ESTIMATOR 0. 0.
14.377 2 ATTITUDE 0.095989 0. -1.317619
14.379 2 CALIBRATION 0. 0
14.383 2 ENERGY 36.200001 0. 0 0.
14.471 2 GPS 0 0 0 0 0 0 0 0 0 0 1
14.475 2 ESTIMATOR 0. 0.
14.476 2 WP_MOVED 4 374825.5 4223181. 75. 18
14.479 2 DL_VALUE 24 0.
14.483 2 ALIVE 252,180,207,33,108,138,46,108,225,101,137,207,232,35,84,33
14.503 2 NAVIGATION 3 1 0. 0. 0. 0. 0 0
14.507 2 COMMANDS 2700,0,-1425,0,0
14.571 2 GPS 0 0 0 0 0 0 0 0 0 0 1
14.575 2 ESTIMATOR 0. 0.
14.577 2 PPRZ_MODE 1 1 2 0 0 21
14.603 2 ACTUATORS 1281,1500,1500,0,1426,0,1500,1500
14.671 2 GPS 0 0 0 0 0 0 0 0 0 0 1
14.675 2 ESTIMATOR 0. 0.
14.723 2 DESIRED 0.01 inf 0. 0. 0. 50. 0. 18.
14.753 2 COMMANDS 2700,0,-1425,0,0
14.757 2 NAVIGATION 3 1 0. 0. 0. 0. 0 0
14.771 2 GPS 0 0 0 0 0 0 0 0 0 0 1
14.775 2 ESTIMATOR 0. 0.
14.775 2 STATE_FILTER_STATUS 3 1533
14.853 2 ACTUATORS 1281,1500,1500,0,1426,0,1500,1500
14.871 2 GPS 0 0 0 0 0 0 0 0 0 0 1
14.875 2 ESTIMATOR 0. 0.
14.877 2 ATTITUDE 0.095989 0. -1.317619
14.971 2 GPS 0 0 0 0 0 0 0 0 0 0 1
14.975 2 ESTIMATOR 0. 0.
14.976 2 WP_MOVED 5 374869. 4223008. 75. 18
14.993 2 DOWNLINK_STATUS 15 14449 653 0 1016. 47. 5.91
15.003 2 COMMANDS 2700,0,-1425,0,0
15.008 2 NAVIGATION 3 1 0. 0. 0. 0. 0 0
15.020 2 WIND_INFO 2 42 0. 0. 0.
15.071 2 GPS 0 0 0 0 0 0 0 0 0 0 1
15.075 2 ESTIMATOR 0. 0.
15.079 2 NAVIGATION 3 1 0. 0. 0. 0. 0 0
15.081 2 GPS_SOL 0 0 0 0
15.103 2 ACTUATORS 1281,1500,1500,0,1426,0,1500,1500
15.171 2 GPS 0 0 0 0 0 0 0 0 0 0 1
15.174 2 ESTIMATOR 0. 0.
15.253 2 COMMANDS 2700,0,-1425,0,0
15.257 2 NAVIGATION 3 1 0. 0. 0. 0. 0 0
15.273 2 GPS 0 0 0 0 0 0 0 0 0 0 1
15.274 2 ESTIMATOR 0. 0.
15.277 2 BAT 2700 362 1023 0 0 0 1937 1937 0
15.281 2 IR_SENSORS 511 -449 -960 62 511
15.353 2 ACTUATORS 1281,1500,1500,0,1426,0,1500,1500
15.371 2 GPS 0 0 0 0 0 0 0 0 0 0 1
15.375 2 ESTIMATOR 0. 0.
15.376 2 ATTITUDE 0.095989 0. -1.317619
15.471 2 GPS 0 0 0 0 0 0 0 0 0 0 1
15.475 2 ESTIMATOR 0. 0.
15.477 2 WP_MOVED 6 374869. 4223033. 75. 18
15.488 2 PONG 
15.503 2 COMMANDS 2700,0,-1425,0,0
15.507 2 NAVIGATION 3 1 0. 0. 0. 0. 0 0
15.571 2 GPS 0 0 0 0 0 0 0 0 0 0 1
15.573 2 ESTIMATOR 0. 0.
15.603 2 ACTUATORS 1281,1500,1500,0,1426,0,1500,1500
15.673 2 GPS 0 0 0 0 0 0 0 0 0 0 1
15.674 2 ESTIMATOR 0. 0.
15.753 2 COMMANDS 2700,0,-1425,0,0
15.757 2 NAVIGATION 3 1 0. 0. 0. 0. 0 0
15.773 2 GPS 0 0 0 0 0 0 0 0 0 0 1
15.774 2 ESTIMATOR 0. 0.
15.781 2 DESIRED 0.01 inf 0. 0. 0. 50. 0. 18.
15.853 2 ACTUATORS 1281,1500,1500,0,1426,0,1500,1500
15.873 2 GPS 0 0 0 0 0 0 0 0 0 0 1
15.875 2 ESTIMATOR 0. 0.
15.877 2 ATTITUDE 0.095989 0. -1.317619
15.971 2 GPS 0 0 0 0 0 0 0 0 0 0 1
15.975 2 ESTIMATOR 0. 0.
15.977 2 WP_MOVED 7 374869. 4223058. 75. 18
15.979 2 DL_VALUE 25 100.
15.994 2 DOWNLINK_STATUS 16 15396 696 0 947. 43. 6.39
16.003 2 COMMANDS 2700,0,-1425,0,0
16.007 2 NAVIGATION 3 1 0. 0. 0. 0. 0 0
16.053 2 FBW_STATUS 0 48 1 362 0 1
16.070 2 GPS 0 0 0 0 0 0 0 0 0 0 1
16.075 2 ESTIMATOR 0. 0.
16.079 2 NAVIGATION 3 1 0. 0. 0. 0. 0 0
16.103 2 ACTUATORS 1281,1500,1500,0,1426,0,1500,1500
16.173 2 GPS 0 0 0 0 0 0 0 0 0 0 1
16.175 2 ESTIMATOR 0. 0.
16.252 2 COMMANDS 2700,0,-1425,0,0
16.256 2 NAVIGATION 3 1 0. 0. 0. 0. 0 0
16.273 2 GPS 0 0 0 0 0 0 0 0 0 0 1
16.274 2 ESTIMATOR 0. 0.
16.352 2 ACTUATORS 1281,1500,1500,0,1426,0,1500,1500
16.373 2 GPS 0 0 0 0 0 0 0 0 0 0 1
16.375 2 ESTIMATOR 0. 0.
16.376 2 ATTITUDE 0.095989 0. -1.317619
16.381 2 BAT 2700 362 1023 0 0 0 1938 1938 0
16.472 2 GPS 0 0 0 0 0 0 0 0 0 0 1
16.474 2 ESTIMATOR 0. 0.
16.477 2 WP_MOVED 8 374869. 4223083. 75. 18
16.481 2 IR_SENSORS 511 -449 -960 62 511
16.482 2 CALIBRATION 0. 0
16.502 2 NAVIGATION 3 1 0. 0. 0. 0. 0 0
16.507 2 COMMANDS 2700,0,-1425,0,0
16.570 2 GPS 0 0 0 0 0 0 0 0 0 0 1
16.574 2 ESTIMATOR 0. 0.
16.603 2 ACTUATORS 1281,1500,1500,0,1426,0,1500,1500
16.672 2 GPS 0 0 0 0 0 0 0 0 0 0 1
16.675 2 ESTIMATOR 0. 0.
16.753 2 COMMANDS 2700,0,-1425,0,0
16.757 2 NAVIGATION 3 1 0. 0. 0. 0. 0 0
16.770 2 GPS 0 0 0 0 0 0 0 0 0 0 1
16.774 2 ESTIMATOR 0. 0.
16.822 2 DESIRED 0.01 inf 0. 0. 0. 50. 0. 18.
16.853 2 ACTUATORS 1281,1500,1500,0,1426,0,1500,1500
16.901 2 GPS 0 0 0 0 0 0 0 0 0 0 1
16.901 2 ESTIMATOR 0. 0.
16.901 2 ATTITUDE 0.095989 0. -1.317619
16.901 2 ENERGY 36.200001 0. 0 0.
16.971 2 GPS 0 0 0 0 0 0 0 0 0 0 1
16.973 2 ESTIMATOR 0. 0.
16.977 2 WP_MOVED 9 374869. 4223108. 75. 18
16.996 2 DOWNLINK_STATUS 17 16357 739 0 961. 43. 6.39
17.001 2 COMMANDS 2700,0,-1425,0,0
17.007 2 NAVIGATION 3 1 0. 0. 0. 0. 0 0
17.071 2 GPS 0 0 0 0 0 0 0 0 0 0 1
17.073 2 ESTIMATOR 0. 0.
17.079 2 NAVIGATION 3 1 0. 0. 0. 0. 0 0
17.081 2 GPS_SOL 0 0 0 0
17.103 2 ACTUATORS 1281,1500,1500,0,1426,0,1500,1500
17.171 2 GPS 0 0 0 0 0 0 0 0 0 0 1
17.173 2 ESTIMATOR 0. 0.
17.251 2 COMMANDS 2700,0,-1425,0,0
17.257 2 NAVIGATION 3 1 0. 0. 0. 0. 0 0
17.271 2 GPS 0 0 0 0 0 0 0 0 0 0 1
17.273 2 ESTIMATOR 0. 0.
17.353 2 ACTUATORS 1281,1500,1500,0,1426,0,1500,1500
17.371 2 GPS 0 0 0 0 0 0 0 0 0 0 1
17.373 2 ESTIMATOR 0. 0.
17.377 2 ATTITUDE 0.095989 0. -1.317619
17.471 2 GPS 0 0 0 0 0 0 0 0 0 0 1
17.473 2 ESTIMATOR 0. 0.
17.477 2 WP_MOVED 0 374931. 4223100. 75. 18
17.481 2 BAT 2700 362 1023 0 0 0 1939 1939 0
17.483 2 DL_VALUE 26 0.
17.501 2 COMMANDS 2700,0,-1425,0,0
17.507 2 NAVIGATION 3 1 0. 0. 0. 0. 0 0
17.571 2 GPS 0 0 0 0 0 0 0 0 0 0 1
17.573 2 ESTIMATOR 0. 0.
17.603 2 ACTUATORS 1281,1500,1500,0,1426,0,1500,1500
17.671 2 GPS 0 0 0 0 0 0 0 0 0 0 1
17.673 2 ESTIMATOR 0. 0.
17.677 2 IR_SENSORS 511 -449 -960 62 511
17.751 2 COMMANDS 2700,0,-1425,0,0
17.757 2 NAVIGATION 3 1 0. 0. 0. 0. 0 0
17.771 2 GPS 0 0 0 0 0 0 0 0 0 0 1
17.773 2 ESTIMATOR 0. 0.
17.853 2 ACTUATORS 1281,1500,1500,0,1426,0,1500,1500
17.872 2 GPS 0 0 0 0 0 0 0 0 0 0 1
17.873 2 ESTIMATOR 0. 0.
17.877 2 ATTITUDE 0.095989 0. -1.317619
17.883 2 DESIRED 0.01 inf 0. 0. 0. 50. 0. 18.
17.971 2 GPS 0 0 0 0 0 0 0 0 0 0 1
17.973 2 ESTIMATOR 0. 0.
17.977 2 WP_MOVED 1 374889. 4223058. 75. 18
17.996 2 DOWNLINK_STATUS 18 17298 781 0 941. 42. 6.39
18.001 2 COMMANDS 2700,0,-1425,0,0
18.007 2 NAVIGATION 3 1 0. 0. 0. 0. 0 0
18.052 2 FBW_STATUS 0 48 1 362 0 1
18.071 2 GPS 0 0 0 0 0 0 0 0 0 0 1
18.073 2 ESTIMATOR 0. 0.
18.077 2 NAVIGATION 3 1 0. 0. 0. 0. 0 0
18.080 2 DOWNLINK 31 965 62969
18.103 2 ACTUATORS 1281,1500,1500,0,1426,0,1500,1500
18.174 2 GPS 0 0 0 0 0 0 0 0 0 0 1
18.174 2 ESTIMATOR 0. 0.
18.252 2 COMMANDS 2700,0,-1425,0,0
18.256 2 NAVIGATION 3 1 0. 0. 0. 0. 0 0
18.271 2 GPS 0 0 0 0 0 0 0 0 0 0 1
18.274 2 ESTIMATOR 0. 0.
18.352 2 ACTUATORS 1281,1500,1500,0,1426,0,1500,1500
18.372 2 GPS 0 0 0 0 0 0 0 0 0 0 1
18.374 2 ESTIMATOR 0. 0.
18.378 2 ATTITUDE 0.095989 0. -1.317619
18.472 2 GPS 0 0 0 0 0 0 0 0 0 0 1
18.474 2 ESTIMATOR 0. 0.
18.478 2 WP_MOVED 2 374909. 4223138. 75. 18
18.501 2 COMMANDS 2700,0,-1425,0,0
18.506 2 NAVIGATION 3 1 0. 0. 0. 0. 0 0
18.572 2 GPS 0 0 0 0 0 0 0 0 0 0 1
18.574 2 ESTIMATOR 0. 0.
18.578 2 BAT 2700 362 1023 0 0 0 1940 1940 0
18.580 2 CALIBRATION 0. 0
18.604 2 ACTUATORS 1281,1500,1500,0,1426,0,1500,1500
18.672 2 GPS 0 0 0 0 0 0 0 0 0 0 1
18.674 2 ESTIMATOR 0. 0.
18.752 2 COMMANDS 2700,0,-1425,0,0
18.756 2 NAVIGATION 3 1 0. 0. 0. 0. 0 0
18.772 2 GPS 0 0 0 0 0 0 0 0 0 0 1
18.774 2 ESTIMATOR 0. 0.
18.852 2 ACTUATORS 1281,1500,1500,0,1426,0,1500,1500
18.872 2 GPS 0 0 0 0 0 0 0 0 0 0 1
18.874 2 ESTIMATOR 0. 0.
18.876 2 ATTITUDE 0.095989 0. -1.317619
18.880 2 IR_SENSORS 511 -449 -960 62 511
18.922 2 DESIRED 0.01 inf 0. 0. 0. 50. 0. 18.
18.971 2 GPS 0 0 0 0 0 0 0 0 0 0 1
18.974 2 ESTIMATOR 0. 0.
18.978 2 WP_MOVED 3 374933.8125 4223160. 75. 18
18.979 2 DL_VALUE 27 1.
18.998 2 DOWNLINK_STATUS 19 18261 825 0 963. 44. 6.39
19.002 2 COMMANDS 2700,0,-1425,0,0
19.006 2 NAVIGATION 3 1 0. 0. 0. 0. 0 0
19.072 2 GPS 0 0 0 0 0 0 0 0 0 0 1
19.074 2 ESTIMATOR 0. 0.
19.078 2 NAVIGATION 3 1 0. 0. 0. 0. 0 0
19.082 2 GPS_SOL 0 0 0 0
19.102 2 ACTUATORS 1281,1500,1500,0,1426,0,1500,1500
19.171 2 GPS 0 0 0 0 0 0 0 0 0 0 1
19.174 2 ESTIMATOR 0. 0.
19.254 2 NAVIGATION 3 1 0. 0. 0. 0. 0 0
19.256 2 COMMANDS 2700,0,-1425,0,0
19.271 2 GPS 0 0 0 0 0 0 0 0 0 0 1
19.274 2 ESTIMATOR 0. 0.
19.353 2 ACTUATORS 1281,1500,1500,0,1426,0,1500,1500
19.373 2 GPS 0 0 0 0 0 0 0 0 0 0 1
19.374 2 ESTIMATOR 0. 0.
19.377 2 ATTITUDE 0.095989 0. -1.317619
19.380 2 ENERGY 36.200001 0. 0 0.
19.472 2 GPS 0 0 0 0 0 0 0 0 0 0 1
19.473 2 ESTIMATOR 0. 0.
19.478 2 WP_MOVED 4 374825.5 4223181. 75. 18
19.482 2 ALIVE 252,180,207,33,108,138,46,108,225,101,137,207,232,35,84,33
19.501 2 COMMANDS 2700,0,-1425,0,0
19.505 2 NAVIGATION 3 1 0. 0. 0. 0. 0 0
19.571 2 GPS 0 0 0 0 0 0 0 0 0 0 1
19.573 2 ESTIMATOR 0. 0.
19.575 2 PPRZ_MODE 1 1 2 0 0 21
19.604 2 ACTUATORS 1281,1500,1500,0,1426,0,1500,1500
19.671 2 GPS 0 0 0 0 0 0 0 0 0 0 1
19.673 2 ESTIMATOR 0. 0.
19.678 2 BAT 2700 362 1023 0 0 0 1941 1941 0
19.752 2 COMMANDS 2700,0,-1425,0,0
19.756 2 NAVIGATION 3 1 0. 0. 0. 0. 0 0
19.771 2 GPS 0 0 0 0 0 0 0 0 0 0 1
19.773 2 ESTIMATOR 0. 0.
19.776 2 STATE_FILTER_STATUS 3 1533
19.853 2 ACTUATORS 1281,1500,1500,0,1426,0,1500,1500
19.871 2 GPS 0 0 0 0 0 0 0 0 0 0 1
19.873 2 ESTIMATOR 0. 0.
19.877 2 ATTITUDE 0.095989 0. -1.317619
19.973 2 GPS 0 0 0 0 0 0 0 0 0 0 1
19.973 2 ESTIMATOR 0. 0.
19.994 2 WP_MOVED 5 374869. 4223008. 75. 18
19.995 2 DESIRED 0.01 inf 0. 0. 0. 50. 0. 18.
19.995 2 NAVIGATION_REF 374889 4223058 18
19.999 2 DOWNLINK_STATUS 20 19254 870 0 993. 45. 6.39
20.001 2 COMMANDS 2700,0,-1425,0,0
20.007 2 NAVIGATION 3 1 0. 0. 0. 0. 0 0
20.051 2 FBW_STATUS 0 48 1 362 0 1
20.071 2 GPS 0 0 0 0 0 0 0 0 0 0 1
20.073 2 ESTIMATOR 0. 0.
20.076 2 NAVIGATION 3 1 0. 0. 0. 0. 0 0
20.081 2 IR_SENSORS 511 -449 -960 62 511
20.103 2 ACTUATORS 1281,1500,1500,0,1426,0,1500,1500
20.172 2 GPS 0 0 0 0 0 0 0 0 0 0 1
20.174 2 ESTIMATOR 0. 0.
20.252 2 COMMANDS 2700,0,-1425,0,0
20.257 2 NAVIGATION 3 1 0. 0. 0. 0. 0 0
20.272 2 GPS 0 0 0 0 0 0 0 0 0 0 1
20.274 2 ESTIMATOR 0. 0.
20.354 2 ACTUATORS 1281,1500,1500,0,1426,0,1500,1500
20.371 2 GPS 0 0 0 0 0 0 0 0 0 0 1
20.373 2 ESTIMATOR 0. 0.
20.377 2 ATTITUDE 0.095989 0. -1.317619
20.471 2 GPS 0 0 0 0 0 0 0 0 0 0 1
20.473 2 ESTIMATOR 0. 0.
20.477 2 WP_MOVED 6 374869. 4223033. 75. 18
20.479 2 DL_VALUE 28 0.
20.489 2 PONG 
20.501 2 COMMANDS 2700,0,-1425,0,0
20.505 2 NAVIGATION 3 1 0. 0. 0. 0. 0 0
20.571 2 GPS 0 0 0 0 0 0 0 0 0 0 1
20.573 2 ESTIMATOR 0. 0.
20.604 2 ACTUATORS 1281,1500,1500,0,1426,0,1500,1500
20.671 2 GPS 0 0 0 0 0 0 0 0 0 0 1
20.673 2 ESTIMATOR 0. 0.
20.675 2 CALIBRATION 0. 0
20.753 2 COMMANDS 2700,0,-1425,0,0
20.755 2 NAVIGATION 3 1 0. 0. 0. 0. 0 0
20.772 2 GPS 0 0 0 0 0 0 0 0 0 0 1
20.773 2 ESTIMATOR 0. 0.
20.776 2 BAT 2700 362 1023 0 0 0 1943 1943 0
20.853 2 ACTUATORS 1281,1500,1500,0,1426,0,1500,1500
20.871 2 GPS 0 0 0 0 0 0 0 0 0 0 1
20.872 2 ESTIMATOR 0. 0.
20.877 2 ATTITUDE 0.095989 0. -1.317619
20.971 2 GPS 0 0 0 0 0 0 0 0 0 0 1
20.973 2 ESTIMATOR 0. 0.
20.977 2 WP_MOVED 7 374869. 4223058. 75. 18
21.000 2 DOWNLINK_STATUS 21 20174 913 0 920. 43. 6.29
21.001 2 COMMANDS 2700,0,-1425,0,0
21.007 2 NAVIGATION 3 1 0. 0. 0. 0. 0 0
21.023 2 DESIRED 0.01 inf 0. 0. 0. 50. 0. 18.
21.071 2 GPS 0 0 0 0 0 0 0 0 0 0 1
21.073 2 ESTIMATOR 0. 0.
21.078 2 NAVIGATION 3 1 0. 0. 0. 0. 0 0
21.081 2 GPS_SOL 0 0 0 0
21.102 2 ACTUATORS 1281,1500,1500,0,1426,0,1500,1500
21.171 2 GPS 0 0 0 0 0 0 0 0 0 0 1
21.173 2 ESTIMATOR 0. 0.
21.253 2 NAVIGATION 3 1 0. 0. 0. 0. 0 0
21.257 2 COMMANDS 2700,0,-1425,0,0
21.271 2 GPS 0 0 0 0 0 0 0 0 0 0 1
21.273 2 ESTIMATOR 0. 0.
21.276 2 IR_SENSORS 511 -449 -960 62 511
21.353 2 ACTUATORS 1281,1500,1500,0,1426,0,1500,1500
21.371 2 GPS 0 0 0 0 0 0 0 0 0 0 1
21.373 2 ESTIMATOR 0. 0.
21.377 2 ATTITUDE 0.095989 0. -1.317619
21.471 2 GPS 0 0 0 0 0 0 0 0 0 0 1
21.473 2 ESTIMATOR 0. 0.
21.477 2 WP_MOVED 8 374869. 4223083. 75. 18
21.502 2 NAVIGATION 3 1 0. 0. 0. 0. 0 0
21.507 2 COMMANDS 2700,0,-1425,0,0
21.571 2 GPS 0 0 0 0 0 0 0 0 0 0 1
21.573 2 ESTIMATOR 0. 0.
21.602 2 ACTUATORS 1281,1500,1500,0,1426,0,1500,1500
21.671 2 GPS 0 0 0 0 0 0 0 0 0 0 1
21.673 2 ESTIMATOR 0. 0.
21.753 2 NAVIGATION 3 1 0. 0. 0. 0. 0 0
21.757 2 COMMANDS 2700,0,-1425,0,0
21.771 2 GPS 0 0 0 0 0 0 0 0 0 0 1
21.773 2 ESTIMATOR 0. 0.
21.853 2 ACTUATORS 1281,1500,1500,0,1426,0,1500,1500
21.871 2 GPS 0 0 0 0 0 0 0 0 0 0 1
21.873 2 ESTIMATOR 0. 0.
21.877 2 ATTITUDE 0.095989 0. -1.317619
21.881 2 BAT 2700 362 1023 0 0 0 1944 1944 0
21.885 2 ENERGY 36.200001 0. 0 0.
21.971 2 GPS 0 0 0 0 0 0 0 0 0 0 1
21.973 2 ESTIMATOR 0. 0.
21.977 2 WP_MOVED 9 374869. 4223108. 75. 18
21.979 2 DL_VALUE 29 0.
22.001 2 DOWNLINK_STATUS 22 21135 956 0 961. 43. 6.29
22.003 2 NAVIGATION 3 1 0. 0. 0. 0. 0 0
22.007 2 COMMANDS 2700,0,-1425,0,0
22.051 2 FBW_STATUS 0 48 1 362 0 1
22.071 2 GPS 0 0 0 0 0 0 0 0 0 0 1
22.073 2 ESTIMATOR 0. 0.
22.077 2 NAVIGATION 3 1 0. 0. 0. 0. 0 0
22.085 2 DESIRED 0.01 inf 0. 0. 0. 50. 0. 18.
22.103 2 ACTUATORS 1281,1500,1500,0,1426,0,1500,1500
22.171 2 GPS 0 0 0 0 0 0 0 0 0 0 1
22.173 2 ESTIMATOR 0. 0.
22.251 2 COMMANDS 2700,0,-1425,0,0
22.255 2 NAVIGATION 3 1 0. 0. 0. 0. 0 0
22.271 2 GPS 0 0 0 0 0 0 0 0 0 0 1
22.273 2 ESTIMATOR 0. 0.
22.353 2 ACTUATORS 1281,1500,1500,0,1426,0,1500,1500
22.371 2 GPS 0 0 0 0 0 0 0 0 0 0 1
22.372 2 ESTIMATOR 0. 0.
22.377 2 ATTITUDE 0.095989 0. -1.317619
22.471 2 GPS 0 0 0 0 0 0 0 0 0 0 1
22.473 2 ESTIMATOR 0. 0.
22.477 2 WP_MOVED 0 374931. 4223100. 75. 18
22.479 2 IR_SENSORS 511 -449 -960 62 511
22.504 2 NAVIGATION 3 1 0. 0. 0. 0. 0 0
22.505 2 COMMANDS 2700,0,-1425,0,0
22.571 2 GPS 0 0 0 0 0 0 0 0 0 0 1
22.572 2 ESTIMATOR 0. 0.
22.603 2 ACTUATORS 1281,1500,1500,0,1426,0,1500,1500
22.671 2 GPS 0 0 0 0 0 0 0 0 0 0 1
22.673 2 ESTIMATOR 0. 0.
22.753 2 NAVIGATION 3 1 0. 0. 0. 0. 0 0
22.755 2 COMMANDS 2700,0,-1425,0,0
22.771 2 GPS 0 0 0 0 0 0 0 0 0 0 1
22.773 2 ESTIMATOR 0. 0.
22.775 2 CALIBRATION 0. 0
22.853 2 ACTUATORS 1281,1500,1500,0,1426,0,1500,1500
22.871 2 GPS 0 0 0 0 0 0 0 0 0 0 1
22.873 2 ESTIMATOR 0. 0.
22.877 2 ATTITUDE 0.095989 0. -1.317619
22.971 2 GPS 0 0 0 0 0 0 0 0 0 0 1
22.972 2 ESTIMATOR 0. 0.
22.976 2 WP_MOVED 1 374889. 4223058. 75. 18
22.981 2 BAT 2700 362 1023 0 0 0 1945 1945 0
23.002 2 COMMANDS 2700,0,-1425,0,0
23.002 2 DOWNLINK_STATUS 23 22093 999 0 958. 43. 6.29
23.005 2 NAVIGATION 3 1 0. 0. 0. 0. 0 0
23.072 2 GPS 0 0 0 0 0 0 0 0 0 0 1
23.073 2 ESTIMATOR 0. 0.
23.078 2 NAVIGATION 3 1 0. 0. 0. 0. 0 0
23.081 2 GPS_SOL 0 0 0 0
23.103 2 ACTUATORS 1281,1500,1500,0,1426,0,1500,1500
23.121 2 DESIRED 0.01 inf 0. 0. 0. 50. 0. 18.
