3.404 2 ESTIMATOR 0. 0.
3.404 2 STATE_FILTER_STATUS 3 1533
3.478 2 ACTUATORS 1281,1206,1206,0,1426,0,1500,1792
3.498 2 GPS 0 0 0 0 0 0 0 0 0 0 1
3.501 2 ESTIMATOR 0. 0.
3.509 2 ATTITUDE 0.071373 0. -1.324443
3.598 2 GPS 0 0 0 0 0 0 0 0 0 0 1
3.602 2 ESTIMATOR 0. 0.
3.602 2 WP_MOVED 1 360285. 4813715. 250. 31
3.611 2 BAT 2700 362 1023 0 0 0 27 27 0
3.630 2 COMMANDS 2700,5608,-1425,5659,0
3.639 2 NAVIGATION 0 0 0. 0. 14400. 14400. 0 0
3.700 2 GPS 0 0 0 0 0 0 0 0 0 0 1
3.701 2 ESTIMATOR 0. 0.
3.704 2 NAVIGATION 0 0 0. 0. 14400. 14400. 0 0
3.708 2 GPS_SOL 0 0 0 0
3.736 2 ACTUATORS 1281,1206,1206,0,1426,0,1500,1792
3.798 2 GPS 0 0 0 0 0 0 0 0 0 0 1
3.802 2 ESTIMATOR 0. 0.
3.878 2 COMMANDS 2700,5608,-1425,5659,0
3.887 2 NAVIGATION 0 0 0. 0. 14400. 14400. 0 0
3.898 2 GPS 0 0 0 0 0 0 0 0 0 0 1
3.903 2 ESTIMATOR 0. 0.
3.903 2 IR_SENSORS 511 -464 -975 47 511
3.967 2 DOWNLINK_STATUS 4 3967 181 0 1034. 48. 0.
3.979 2 ACTUATORS 1281,1206,1206,0,1426,0,1500,1792
3.998 2 GPS 0 0 0 0 0 0 0 0 0 0 1
4.004 2 ESTIMATOR 0. 0.
4.004 2 ATTITUDE 0.071373 0. -1.324443
4.005 2 DOWNLINK 1 983 1223
4.097 2 GPS 0 0 0 0 0 0 0 0 0 0 1
4.100 2 ESTIMATOR 0. 0.
4.102 2 WP_MOVED 0 360327. 4813637. 250. 31
4.128 2 COMMANDS 2700,5608,-1425,5659,0
4.133 2 NAVIGATION 0 0 0. 0. 14400. 14400. 0 0
4.197 2 GPS 0 0 0 0 0 0 0 0 0 0 1
4.201 2 ESTIMATOR 0. 0.
4.229 2 ACTUATORS 1281,1206,1206,0,1426,0,1500,1791
4.299 2 GPS 0 0 0 0 0 0 0 0 0 0 1
4.300 2 ESTIMATOR 0. 0.
4.303 2 CIRCLE 0. 120. 100.
4.379 2 COMMANDS 2700,5608,-1425,5659,0
4.383 2 NAVIGATION 0 0 0. 0. 14400. 14400. 0 0
4.397 2 GPS 0 0 0 0 0 0 0 0 0 0 1
4.409 2 ESTIMATOR 0. 0.
4.410 2 DESIRED 0.78 -0.77 4.9 -100. 20. 210. 0.5 18.
4.479 2 ACTUATORS 1281,1206,1206,0,1426,0,1500,1792
4.497 2 GPS 0 0 0 0 0 0 0 0 0 0 1
4.501 2 ESTIMATOR 0. 0.
4.503 2 ATTITUDE 0.071373 0. -1.324443
4.597 2 GPS 0 0 0 0 0 0 0 0 0 0 1
4.599 2 ESTIMATOR 0. 0.
4.603 2 WP_MOVED 1 360285. 4813715. 250. 31
4.605 2 DL_VALUE 18 250.
4.629 2 COMMANDS 2700,5605,-1425,5647,0
4.638 2 NAVIGATION 0 0 0. 0. 14400. 14400. 0 0
4.679 2 FBW_STATUS 2 0 1 362 0 272
4.697 2 GPS 0 0 0 0 0 0 0 0 0 0 1
4.719 2 ESTIMATOR 0. 0.
4.720 2 NAVIGATION 0 0 0. 0. 14400. 14400. 0 0
4.720 2 BAT 2700 362 1023 0 0 0 28 28 0
4.728 2 ACTUATORS 1281,1206,1206,0,1426,0,1500,1791
4.799 2 GPS 0 0 0 0 0 0 0 0 0 0 1
4.801 2 ESTIMATOR 0. 0.
4.879 2 COMMANDS 2700,5605,-1425,5647,0
4.882 2 NAVIGATION 0 0 0. 0. 14400. 14400. 0 0
4.896 2 GPS 0 0 0 0 0 0 0 0 0 0 1
4.904 2 ESTIMATOR 0. 0.
4.968 2 DOWNLINK_STATUS 5 4921 224 0 954. 43. 0.
4.980 2 ACTUATORS 1281,1206,1206,0,1426,0,1500,1792
4.998 2 GPS 0 0 0 0 0 0 0 0 0 0 1
5.000 2 ESTIMATOR 0. 0.
5.005 2 ATTITUDE 0.072916 0. -1.324022
5.098 2 GPS 0 0 0 0 0 0 0 0 0 0 1
5.100 2 ESTIMATOR 0. 0.
5.104 2 WP_MOVED 0 360327. 4813637. 250. 31
5.106 2 IR_SENSORS 511 -464 -975 47 511
5.109 2 CALIBRATION 0. 1
5.128 2 COMMANDS 2700,5605,-1425,5647,0
5.132 2 NAVIGATION 0 0 0. 0. 14400. 14400. 0 0
5.198 2 GPS 0 0 0 0 0 0 0 0 0 0 1
5.200 2 ESTIMATOR 0. 0.
5.230 2 ACTUATORS 1281,1206,1206,0,1426,0,1500,1791
5.299 2 GPS 0 0 0 0 0 0 0 0 0 0 1
5.300 2 ESTIMATOR 0. 0.
5.352 2 CIRCLE 0. 120. 100.
5.379 2 COMMANDS 2700,5605,-1425,5647,0
5.383 2 NAVIGATION 0 0 0. 0. 14400. 14400. 0 0
5.398 2 GPS 0 0 0 0 0 0 0 0 0 0 1
5.403 2 ESTIMATOR 0. 0.
5.449 2 DESIRED 0.78 -0.77 4.9 -100. 20. 210. 0.5 18.
5.471 2 PONG 
5.479 2 ACTUATORS 1281,1206,1206,0,1426,0,1500,1791
5.499 2 GPS 0 0 0 0 0 0 0 0 0 0 1
5.501 2 ESTIMATOR 0. 0.
5.502 2 ATTITUDE 0.072916 0. -1.324022
5.507 2 ENERGY 36.200001 0. 0 0.
