1.892 2 COMMANDS 2700,9600,-1425,-718,0
1.899 2 NAVIGATION 0 2 0. 0. 0. 0. 0 0
1.913 2 GPS 0 0 0 0 0 0 0 0 0 0 1
1.914 2 ESTIMATOR 0. 0.
1.916 2 STATE_FILTER_STATUS 3 1533
1.955 2 DOWNLINK_STATUS 2 1915 88 0 989. 47. 0.
1.962 2 DESIRED 0.01 -0.22 0. 0. 0. 50. 0. 18.
1.992 2 ACTUATORS 1281,1524,1537,0,1426,0,1500,2000
2.013 2 GPS 0 0 0 0 0 0 0 0 0 0 1
2.014 2 ESTIMATOR 0. 0.
2.016 2 ATTITUDE 0.095989 0. -1.317619
2.113 2 GPS 0 0 0 0 0 0 0 0 0 0 1
2.114 2 ESTIMATOR 0. 0.
2.117 2 WP_MOVED 5 360266. 4813542. 75. 31
2.120 2 NAVIGATION_REF 360286 4813592 31
2.143 2 COMMANDS 2700,9600,-1425,-718,0
2.147 2 NAVIGATION 0 2 0. 0. 0. 0. 0 0
2.193 2 FBW_STATUS 0 49 1 362 0 1
2.213 2 GPS 0 0 0 0 0 0 0 0 0 0 1
2.215 2 ESTIMATOR 0. 0.
2.219 2 NAVIGATION 0 2 0. 0. 0. 0. 0 0
2.221 2 IR_SENSORS 511 -449 -960 62 511
2.243 2 ACTUATORS 1281,1524,1537,0,1426,0,1500,2000
2.313 2 GPS 0 0 0 0 0 0 0 0 0 0 1
2.315 2 ESTIMATOR 0. 0.
2.319 2 BAT 2700 362 1023 0 0 1 722 0 0
2.395 2 NAVIGATION 0 2 0. 0. 0. 0. 0 0
2.397 2 COMMANDS 2700,9600,-1425,-718,0
2.411 2 GPS 0 0 0 0 0 0 0 0 0 0 1
2.415 2 ESTIMATOR 0. 0.
2.493 2 ACTUATORS 1281,1524,1537,0,1426,0,1500,2000
2.513 2 GPS 0 0 0 0 0 0 0 0 0 0 1
2.515 2 ESTIMATOR 0. 0.
2.517 2 ATTITUDE 0.095989 0. -1.317619
2.613 2 GPS 0 0 0 0 0 0 0 0 0 0 1
2.615 2 ESTIMATOR 0. 0.
2.619 2 WP_MOVED 6 360266. 4813567. 75. 31
2.619 2 DL_VALUE 16 5523.810059
2.643 2 COMMANDS 2700,9600,-1425,-718,0
2.647 2 NAVIGATION 0 2 0. 0. 0. 0. 0 0
2.713 2 GPS 0 0 0 0 0 0 0 0 0 0 1
2.715 2 ESTIMATOR 0. 0.
2.743 2 ACTUATORS 1281,1524,1537,0,1426,0,1500,2000
2.813 2 GPS 0 0 0 0 0 0 0 0 0 0 1
2.815 2 ESTIMATOR 0. 0.
2.894 2 COMMANDS 2700,9600,-1425,-718,0
2.897 2 NAVIGATION 0 2 0. 0. 0. 0. 0 0
2.913 2 GPS 0 0 0 0 0 0 0 0 0 0 1
2.915 2 ESTIMATOR 0. 0.
2.956 2 DOWNLINK_STATUS 3 2871 131 0 956. 43. 0.
2.993 2 ACTUATORS 1281,1524,1537,0,1426,0,1500,2000
3.013 2 GPS 0 0 0 0 0 0 0 0 0 0 1
3.015 2 ESTIMATOR 0. 0.
3.017 2 ATTITUDE 0.095989 0. -1.317619
3.025 2 DESIRED 0.01 -0.22 0. 0. 0. 50. 0. 18.
3.113 2 GPS 0 0 0 0 0 0 0 0 0 0 1
3.115 2 ESTIMATOR 0. 0.
3.117 2 WP_MOVED 7 360266. 4813592. 75. 31
3.143 2 COMMANDS 2700,9600,-1425,-718,0
3.147 2 NAVIGATION 0 2 0. 0. 0. 0. 0 0
3.213 2 GPS 0 0 0 0 0 0 0 0 0 0 1
3.215 2 ESTIMATOR 0. 0.
3.219 2 NAVIGATION 0 2 0. 0. 0. 0. 0 0
3.221 2 GPS_SOL 0 0 0 0
3.243 2 ACTUATORS 1281,1524,1537,0,1426,0,1500,2000
3.313 2 GPS 0 0 0 0 0 0 0 0 0 0 1
3.315 2 ESTIMATOR 0. 0.
3.393 2 COMMANDS 2700,9600,-1425,-731,0
3.397 2 NAVIGATION 0 2 0. 0. 0. 0. 0 0
3.413 2 GPS 0 0 0 0 0 0 0 0 0 0 1
3.415 2 ESTIMATOR 0. 0.
3.419 2 BAT 2700 362 1023 0 0 1 723 0 0
3.421 2 IR_SENSORS 511 -449 -960 62 511
3.493 2 ACTUATORS 1281,1524,1537,0,1426,0,1500,2000
3.513 2 GPS 0 0 0 0 0 0 0 0 0 0 1
3.515 2 ESTIMATOR 0. 0.
3.517 2 ATTITUDE 0.095989 0. -1.317619
3.611 2 GPS 0 0 0 0 0 0 0 0 0 0 1
3.615 2 ESTIMATOR 0. 0.
3.617 2 WP_MOVED 8 360266. 4813617. 75. 31
3.643 2 COMMANDS 2700,9600,-1425,-718,0
3.647 2 NAVIGATION 0 2 0. 0. 0. 0. 0 0
3.711 2 GPS 0 0 0 0 0 0 0 0 0 0 1
3.715 2 ESTIMATOR 0. 0.
3.717 2 CALIBRATION 0. 0
3.743 2 ACTUATORS 1281,1524,1537,0,1426,0,1500,2000
3.812 2 GPS 0 0 0 0 0 0 0 0 0 0 1
3.816 2 ESTIMATOR 0. 0.
3.894 2 COMMANDS 2700,9600,-1425,-718,0
3.897 2 NAVIGATION 0 2 0. 0. 0. 0. 0 0
3.914 2 GPS 0 0 0 0 0 0 0 0 0 0 1
3.916 2 ESTIMATOR 0. 0.
3.956 2 DOWNLINK_STATUS 4 3812 173 0 941. 42. 0.
3.994 2 ACTUATORS 1281,1524,1537,0,1426,0,1500,2000
4.014 2 GPS 0 0 0 0 0 0 0 0 0 0 1
4.016 2 ESTIMATOR 0. 0.
4.018 2 ATTITUDE 0.095989 0. -1.317619
4.022 2 ENERGY 36.200001 0. 0 0.
4.064 2 DESIRED 0.01 -0.22 0. 0. 0. 50. 0. 18.
4.114 2 GPS 0 0 0 0 0 0 0 0 0 0 1
4.116 2 ESTIMATOR 0. 0.
4.118 2 WP_MOVED 9 360266. 4813642. 75. 31
4.120 2 DL_VALUE 17 0.
4.144 2 COMMANDS 2700,9600,-1425,-718,0
4.148 2 NAVIGATION 0 2 0. 0. 0. 0. 0 0
4.194 2 FBW_STATUS 0 49 1 362 0 1
4.214 2 GPS 0 0 0 0 0 0 0 0 0 0 1
4.216 2 ESTIMATOR 0. 0.
4.220 2 NAVIGATION 0 2 0. 0. 0. 0. 0 0
4.244 2 ACTUATORS 1281,1524,1537,0,1426,0,1500,2000
4.314 2 GPS 0 0 0 0 0 0 0 0 0 0 1
4.316 2 ESTIMATOR 0. 0.
4.394 2 COMMANDS 2700,9600,-1425,-718,0
4.398 2 NAVIGATION 0 2 0. 0. 0. 0. 0 0
4.412 2 GPS 0 0 0 0 0 0 0 0 0 0 1
4.416 2 ESTIMATOR 0. 0.
4.494 2 ACTUATORS 1281,1524,1537,0,1426,0,1500,2000
4.512 2 GPS 0 0 0 0 0 0 0 0 0 0 1
4.516 2 ESTIMATOR 0. 0.
4.518 2 ATTITUDE 0.095989 0. -1.317619
4.522 2 BAT 2700 362 1023 0 0 1 724 0 0
4.614 2 GPS 0 0 0 0 0 0 0 0 0 0 1
4.616 2 ESTIMATOR 0. 0.
4.618 2 WP_MOVED 0 360328. 4813634. 75. 31
4.622 2 IR_SENSORS 511 -449 -960 62 511
4.644 2 COMMANDS 2700,9600,-1425,-718,0
4.648 2 NAVIGATION 0 2 0. 0. 0. 0. 0 0
4.712 2 GPS 0 0 0 0 0 0 0 0 0 0 1
4.716 2 ESTIMATOR 0. 0.
4.744 2 ACTUATORS 1147,1524,1537,0,1426,0,1500,2000
4.814 2 GPS 0 0 0 0 0 0 0 0 0 0 1
4.816 2 ESTIMATOR 0. 0.
4.894 2 COMMANDS 2570,9600,-1425,-718,0
4.898 2 NAVIGATION 0 2 0. 0. 0. 0. 0 0
4.914 2 GPS 0 0 0 0 0 0 0 0 0 0 1
4.916 2 ESTIMATOR 0. 0.
4.957 2 DOWNLINK_STATUS 5 4773 216 0 961. 43. 0.
4.994 2 ACTUATORS 1281,1524,1537,0,1458,0,1500,2000
5.012 2 GPS 0 0 0 0 0 0 0 0 0 0 1
5.016 2 ESTIMATOR 0. 0.
5.018 2 ATTITUDE 0.095989 0. -1.317619
5.112 2 GPS 0 0 0 0 0 0 0 0 0 0 1
5.116 2 ESTIMATOR 0. 0.
5.118 2 WP_MOVED 1 360286. 4813592. 75. 31
5.126 2 DESIRED 0.01 -0.22 0. 0. 0. 50. 0. 18.
5.144 2 COMMANDS 2700,9600,-825,-718,0
5.148 2 NAVIGATION 0 2 0. 0. 0. 0. 0 0
5.212 2 GPS 0 0 0 0 0 0 0 0 0 0 1
5.216 2 ESTIMATOR 0. 0.
5.220 2 NAVIGATION 0 2 0. 0. 0. 0. 0 0
5.222 2 GPS_SOL 0 0 0 0
5.244 2 ACTUATORS 1281,1524,1537,0,1458,0,1500,2000
5.312 2 GPS 0 0 0 0 0 0 0 0 0 0 1
5.316 2 ESTIMATOR 0. 0.
5.394 2 COMMANDS 2700,9600,-825,-718,0
5.398 2 NAVIGATION 0 2 0. 0. 0. 0. 0 0
5.412 2 GPS 0 0 0 0 0 0 0 0 0 0 1
5.416 2 ESTIMATOR 0. 0.
5.460 2 PONG 
5.494 2 ACTUATORS 1281,1553,1580,0,1426,0,1500,2000
5.512 2 GPS 0 0 0 0 0 0 0 0 0 0 1
5.516 2 ESTIMATOR 0. 0.
5.518 2 ATTITUDE 0.095989 0. -1.317619
5.612 2 GPS 0 0 0 0 0 0 0 0 0 0 1
5.616 2 ESTIMATOR 0. 0.
5.618 2 WP_MOVED 2 360306. 4813672. 75. 31
5.622 2 BAT 2700 362 1023 0 0 1 725 0 0
5.624 2 DL_VALUE 18 3200.066895
5.645 2 NAVIGATION 0 2 0. 0. 0. 0. 0 0
5.648 2 COMMANDS 2700,9600,-9075,-718,0
5.713 2 GPS 0 0 0 0 0 0 0 0 0 0 1
5.716 2 ESTIMATOR 0. 0.
5.745 2 ACTUATORS 1281,1524,1537,0,1024,0,1500,2000
5.813 2 GPS 0 0 0 0 0 0 0 0 0 0 1
5.817 2 ESTIMATOR 0. 0.
5.818 2 IR_SENSORS 511 -449 -960 62 511
5.820 2 CALIBRATION 0. 0
5.895 2 COMMANDS 2700,9600,-7050,-718,0
5.898 2 NAVIGATION 0 2 0. 0. 0. 0. 0 0
5.913 2 GPS 0 0 0 0 0 0 0 0 0 0 1
5.917 2 ESTIMATOR 0. 0.
5.957 2 DOWNLINK_STATUS 6 5731 260 0 958. 44. 5.76
5.995 2 ACTUATORS 1281,1524,1537,0,1450,0,1500,2000
6.013 2 GPS 0 0 0 0 0 0 0 0 0 0 1
6.017 2 ESTIMATOR 0. 0.
6.019 2 ATTITUDE 0.095989 0. -1.317619
6.113 2 GPS 0 0 0 0 0 0 0 0 0 0 1
6.117 2 ESTIMATOR 0. 0.
6.119 2 WP_MOVED 3 360330.8125 4813694. 75. 31
6.145 2 COMMANDS 2700,9600,-975,-718,0
6.149 2 NAVIGATION 0 2 0. 0. 0. 0. 0 0
6.165 2 DESIRED 0.01 -0.31 0. 0. 0. 50. 0. 18.
6.195 2 FBW_STATUS 0 49 1 362 0 1
6.213 2 GPS 0 0 0 0 0 0 0 0 0 0 1
6.217 2 ESTIMATOR 0. 0.
6.221 2 NAVIGATION 0 2 0. 0. 0. 0. 0 0
6.223 2 DOWNLINK 9 970 31410
6.245 2 ACTUATORS 1281,1524,1537,0,1523,0,1500,2000
6.313 2 GPS 0 0 0 0 0 0 0 0 0 0 1
6.317 2 ESTIMATOR 0. 0.
6.395 2 COMMANDS 2700,9600,9525,-718,0
6.399 2 NAVIGATION 0 2 0. 0. 0. 0. 0 0
6.413 2 GPS 0 0 0 0 0 0 0 0 0 0 1
6.417 2 ESTIMATOR 0. 0.
6.495 2 ACTUATORS 1281,1524,1537,0,1996,0,1500,1000
6.513 2 GPS 0 0 0 0 0 0 0 0 0 0 1
6.517 2 ESTIMATOR 0. 0.
6.519 2 ATTITUDE 0.095989 0. -1.317619
6.523 2 ENERGY 36.200001 0. 0 0.
6.613 2 GPS 0 0 0 0 0 0 0 0 0 0 1
6.617 2 ESTIMATOR 0. 0.
6.619 2 WP_MOVED 4 360222.5 4813715. 75. 31
6.623 2 ALIVE 66,25,90,214,26,135,245,60,196,84,211,183,251,89,50,58
6.645 2 COMMANDS 2700,9600,5550,-718,0
6.649 2 NAVIGATION 0 2 0. 0. 0. 0. 0 0
6.713 2 GPS 0 0 0 0 0 0 0 0 0 0 1
6.717 2 ESTIMATOR 0. 0.
6.721 2 BAT 2700 362 1023 0 0 1 726 0 0
6.723 2 PPRZ_MODE 1 0 0 0 0 21
6.745 2 ACTUATORS 1281,1524,1537,0,1493,0,1500,2000
6.813 2 GPS 0 0 0 0 0 0 0 0 0 0 1
6.815 2 ESTIMATOR 0. 0.
6.895 2 NAVIGATION 0 2 0. 0. 0. 0. 0 0
6.899 2 COMMANDS 2700,-9600,75,-718,0
6.913 2 GPS 0 0 0 0 0 0 0 0 0 0 1
6.917 2 ESTIMATOR 0. 0.
6.917 2 STATE_FILTER_STATUS 3 1533
6.958 2 DOWNLINK_STATUS 7 6720 305 0 989. 45. 5.76
6.995 2 ACTUATORS 1281,1524,1537,0,1503,0,1500,2000
7.013 2 GPS 0 0 0 0 0 0 0 0 0 0 1
7.017 2 ESTIMATOR 0. 0.
7.019 2 ATTITUDE 0.095989 0. -1.317619
7.021 2 IR_SENSORS 511 -449 -960 62 511
7.113 2 GPS 0 0 0 0 0 0 0 0 0 0 1
7.117 2 ESTIMATOR 0. 0.
7.119 2 WP_MOVED 5 360266. 4813542. 75. 31
7.121 2 DL_VALUE 19 1.144
7.145 2 COMMANDS 2700,9600,-1425,-6459,0
7.149 2 NAVIGATION 0 2 0. 0. 0. 0. 0 0
7.213 2 GPS 0 0 0 0 0 0 0 0 0 0 1
7.217 2 ESTIMATOR 0. 0.
7.221 2 NAVIGATION 0 2 0. 0. 0. 0. 0 0
7.227 2 DESIRED -0.71 -0.22 0. 0. 0. 50. 0. 18.
7.229 2 GPS_SOL 0 0 0 0
7.246 2 ACTUATORS 1281,1722,1836,0,1426,0,1500,2000
7.313 2 GPS 0 0 0 0 0 0 0 0 0 0 1
7.317 2 ESTIMATOR 0. 0.
7.395 2 COMMANDS 2700,9600,-1425,-6017,0
7.399 2 NAVIGATION 0 2 0. 0. 0. 0. 0 0
7.415 2 GPS 0 0 0 0 0 0 0 0 0 0 1
7.417 2 ESTIMATOR 0. 0.
7.495 2 ACTUATORS 1281,1533,1550,0,1430,0,1500,2000
7.513 2 GPS 0 0 0 0 0 0 0 0 0 0 1
7.517 2 ESTIMATOR 0. 0.
7.519 2 ATTITUDE 0.095989 0. -1.317619
7.613 2 GPS 0 0 0 0 0 0 0 0 0 0 1
7.617 2 ESTIMATOR 0. 0.
7.619 2 WP_MOVED 6 360266. 4813567. 75. 31
7.645 2 COMMANDS 2700,9600,-150,-718,0
7.649 2 NAVIGATION 0 2 0. 0. 0. 0. 0 0
7.714 2 GPS 0 0 0 0 0 0 0 0 0 0 1
7.715 2 ESTIMATOR 0. 0.
7.745 2 ACTUATORS 1281,1524,1537,0,1493,0,1500,1000
7.814 2 GPS 0 0 0 0 0 0 0 0 0 0 1
7.818 2 ESTIMATOR 0. 0.
7.820 2 BAT 2700 362 1023 0 0 1 727 0 0
7.896 2 COMMANDS 2700,9600,-1425,4432,0
7.899 2 NAVIGATION 0 2 0. 0. 0. 0. 0 0
7.914 2 GPS 0 0 0 0 0 0 0 0 0 0 1
7.918 2 ESTIMATOR 0. 0.
7.918 2 CALIBRATION 0. 0
7.959 2 DOWNLINK_STATUS 8 7672 348 0 952. 43. 5.76
7.996 2 ACTUATORS 1281,1224,1318,0,1426,0,1500,1000
8.014 2 GPS 0 0 0 0 0 0 0 0 0 0 1
8.018 2 ESTIMATOR 0. 0.
8.020 2 ATTITUDE 0.095989 0. -1.317619
8.114 2 GPS 0 0 0 0 0 0 0 0 0 0 1
8.118 2 ESTIMATOR 0. 0.
8.120 2 WP_MOVED 7 360266. 4813592. 75. 31
8.146 2 COMMANDS 2700,9600,-1425,5315,0
8.150 2 NAVIGATION 0 2 0. 0. 0. 0. 0 0
8.194 2 FBW_STATUS 0 49 1 362 0 1
8.214 2 GPS 0 0 0 0 0 0 0 0 0 0 1
8.218 2 ESTIMATOR 0. 0.
8.222 2 NAVIGATION 0 2 0. 0. 0. 0. 0 0
8.224 2 IR_SENSORS 511 -449 -960 62 511
8.246 2 ACTUATORS 1281,1524,1537,0,1442,0,1500,1000
8.266 2 DESIRED 0.01 -0.31 0. 0. 0. 50. 0. 18.
8.314 2 GPS 0 0 0 0 0 0 0 0 0 0 1
8.316 2 ESTIMATOR 0. 0.
8.394 2 COMMANDS 2700,9600,-1125,-718,0
8.400 2 NAVIGATION 0 2 0. 0. 0. 0. 0 0
8.414 2 GPS 0 0 0 0 0 0 0 0 0 0 1
8.416 2 ESTIMATOR 0. 0.
8.496 2 ACTUATORS 1281,1524,1537,0,1426,0,1500,2000
8.514 2 GPS 0 0 0 0 0 0 0 0 0 0 1
8.518 2 ESTIMATOR 0. 0.
8.520 2 ATTITUDE 0.095989 0. -1.317619
8.614 2 GPS 0 0 0 0 0 0 0 0 0 0 1
8.616 2 ESTIMATOR 0. 0.
8.620 2 WP_MOVED 8 360266. 4813617. 75. 31
8.622 2 DL_VALUE 20 1.2
8.644 2 COMMANDS 2700,9600,-9150,-718,0
8.650 2 NAVIGATION 0 2 0. 0. 0. 0. 0 0
8.714 2 GPS 0 0 0 0 0 0 0 0 0 0 1
8.716 2 ESTIMATOR 0. 0.
8.746 2 ACTUATORS 1281,1524,1537,0,1055,0,1500,2000
8.814 2 GPS 0 0 0 0 0 0 0 0 0 0 1
8.816 2 ESTIMATOR 0. 0.
8.894 2 COMMANDS 2700,9600,-1425,-718,0
8.900 2 NAVIGATION 0 2 0. 0. 0. 0. 0 0
8.914 2 GPS 0 0 0 0 0 0 0 0 0 0 1
8.916 2 ESTIMATOR 0. 0.
8.920 2 BAT 2700 362 1023 0 0 1 729 0 0
8.959 2 DOWNLINK_STATUS 9 8613 390 0 941. 42. 5.76
8.996 2 ACTUATORS 1281,1524,1537,0,1430,0,1500,1000
9.014 2 GPS 0 0 0 0 0 0 0 0 0 0 1
9.016 2 ESTIMATOR 0. 0.
9.020 2 ATTITUDE 0.095989 0. -1.317619
9.024 2 ENERGY 36.200001 0. 0 0.
9.114 2 GPS 0 0 0 0 0 0 0 0 0 0 1
9.116 2 ESTIMATOR 0. 0.
9.120 2 WP_MOVED 9 360266. 4813642. 75. 31
9.146 2 NAVIGATION 0 2 0. 0. 0. 0. 0 0
9.150 2 COMMANDS 2700,9600,7575,-718,0
9.214 2 GPS 0 0 0 0 0 0 0 0 0 0 1
9.216 2 ESTIMATOR 0. 0.
9.222 2 NAVIGATION 0 2 0. 0. 0. 0. 0 0
9.224 2 GPS_SOL 0 0 0 0
9.246 2 ACTUATORS 1281,1524,1537,0,1996,0,1500,2000
9.314 2 GPS 0 0 0 0 0 0 0 0 0 0 1
9.316 2 ESTIMATOR 0. 0.
9.324 2 DESIRED 0.01 -0.22 0. 0. 0. 50. 0. 18.
9.394 2 COMMANDS 2700,9600,5400,-718,0
9.400 2 NAVIGATION 0 2 0. 0. 0. 0. 0 0
9.414 2 GPS 0 0 0 0 0 0 0 0 0 0 1
9.416 2 ESTIMATOR 0. 0.
9.420 2 IR_SENSORS 511 -449 -960 62 511
9.496 2 ACTUATORS 1281,1524,1537,0,1461,0,1500,2000
9.514 2 GPS 0 0 0 0 0 0 0 0 0 0 1
9.516 2 ESTIMATOR 0. 0.
9.520 2 ATTITUDE 0.095989 0. -1.317619
9.615 2 GPS 0 0 0 0 0 0 0 0 0 0 1
9.616 2 ESTIMATOR 0. 0.
9.620 2 WP_MOVED 0 360328. 4813634. 75. 31
9.647 2 NAVIGATION 0 2 0. 0. 0. 0. 0 0
9.651 2 COMMANDS 2700,9600,-750,-718,0
9.715 2 GPS 0 0 0 0 0 0 0 0 0 0 1
9.716 2 ESTIMATOR 0. 0.
9.747 2 ACTUATORS 1281,1524,1537,0,1461,0,1500,2000
9.815 2 GPS 0 0 0 0 0 0 0 0 0 0 1
9.817 2 ESTIMATOR 0. 0.
9.895 2 COMMANDS 2700,9600,-750,-718,0
9.901 2 NAVIGATION 0 2 0. 0. 0. 0. 0 0
9.915 2 GPS 0 0 0 0 0 0 0 0 0 0 1
9.917 2 ESTIMATOR 0. 0.
9.960 2 DOWNLINK_STATUS 10 9540 431 0 927. 41. 5.76
9.997 2 ACTUATORS 1281,1524,1537,0,1461,0,1500,2000
10.015 2 GPS 0 0 0 0 0 0 0 0 0 0 1
10.017 2 ESTIMATOR 0. 0.
10.021 2 ATTITUDE 0.095989 0. -1.317619
10.025 2 BAT 2700 362 1023 0 0 1 730 0 0
10.027 2 CALIBRATION 0. 0
10.115 2 GPS 0 0 0 0 0 0 0 0 0 0 1
10.117 2 ESTIMATOR 0. 0.
10.121 2 WP_MOVED 1 360286. 4813592. 75. 31
10.123 2 DL_VALUE 21 1.31
10.147 2 NAVIGATION 0 2 0. 0. 0. 0. 0 0
10.151 2 COMMANDS 2700,9600,-750,-718,0
10.197 2 FBW_STATUS 0 49 1 362 0 1
10.215 2 GPS 0 0 0 0 0 0 0 0 0 0 1
10.217 2 ESTIMATOR 0. 0.
10.223 2 NAVIGATION 0 2 0. 0. 0. 0. 0 0
10.247 2 ACTUATORS 1281,1524,1537,0,1461,0,1500,2000
10.315 2 GPS 0 0 0 0 0 0 0 0 0 0 1
10.317 2 ESTIMATOR 0. 0.
10.367 2 DESIRED 0.01 -0.25 0. 0. 0. 50. 0. 18.
10.397 2 NAVIGATION 0 2 0. 0. 0. 0. 0 0
10.401 2 COMMANDS 2700,9600,-750,-718,0
10.415 2 GPS 0 0 0 0 0 0 0 0 0 0 1
10.417 2 ESTIMATOR 0. 0.
10.461 2 PONG 
10.497 2 ACTUATORS 1281,1524,1537,0,1461,0,1500,2000
10.515 2 GPS 0 0 0 0 0 0 0 0 0 0 1
10.517 2 ESTIMATOR 0. 0.
10.521 2 ATTITUDE 0.095989 0. -1.317619
10.616 2 GPS 0 0 0 0 0 0 0 0 0 0 1
10.618 2 ESTIMATOR 0. 0.
10.622 2 WP_MOVED 2 360306. 4813672. 75. 31
10.638 2 IR_SENSORS 511 -449 -960 62 511
10.655 2 COMMANDS 2700,9600,-750,-718,0
10.655 2 NAVIGATION 0 2 0. 0. 0. 0. 0 0
10.715 2 GPS 0 0 0 0 0 0 0 0 0 0 1
10.717 2 ESTIMATOR 0. 0.
10.747 2 ACTUATORS 1281,1524,1537,0,1461,0,1500,2000
10.815 2 GPS 0 0 0 0 0 0 0 0 0 0 1
10.817 2 ESTIMATOR 0. 0.
10.895 2 COMMANDS 2700,9600,-750,-718,0
10.902 2 NAVIGATION 0 2 0. 0. 0. 0. 0 0
10.915 2 GPS 0 0 0 0 0 0 0 0 0 0 1
10.917 2 ESTIMATOR 0. 0.
10.960 2 DOWNLINK_STATUS 11 10498 475 0 958. 44. 5.32
10.997 2 ACTUATORS 1281,1525,1538,0,1461,0,1500,2000
11.015 2 GPS 0 0 0 0 0 0 0 0 0 0 1
11.017 2 ESTIMATOR 0. 0.
11.021 2 ATTITUDE 0.095989 0. -1.317619
11.115 2 GPS 0 0 0 0 0 0 0 0 0 0 1
11.117 2 ESTIMATOR 0. 0.
11.121 2 WP_MOVED 3 360330.8125 4813694. 75. 31
11.125 2 BAT 2700 362 1023 0 0 1 731 0 0
11.127 2 NAVIGATION_REF 360286 4813592 31
11.145 2 COMMANDS 2700,9600,-750,-718,0
11.151 2 NAVIGATION 0 2 0. 0. 0. 0. 0 0
11.215 2 GPS 0 0 0 0 0 0 0 0 0 0 1
11.217 2 ESTIMATOR 0. 0.
11.223 2 NAVIGATION 0 2 0. 0. 0. 0. 0 0
11.225 2 GPS_SOL 0 0 0 0
11.247 2 ACTUATORS 1281,1524,1537,0,1461,0,1500,2000
11.315 2 GPS 0 0 0 0 0 0 0 0 0 0 1
11.317 2 ESTIMATOR 0. 0.
11.319 2 DOWNLINK 9 948 31629
11.397 2 NAVIGATION 0 2 0. 0. 0. 0. 0 0
11.399 2 COMMANDS 2700,9600,-750,-718,0
11.415 2 GPS 0 0 0 0 0 0 0 0 0 0 1
11.417 2 ESTIMATOR 0. 0.
11.425 2 DESIRED 0.01 -0.25 0. 0. 0. 50. 0. 18.
11.497 2 ACTUATORS 1281,1524,1537,0,1461,0,1500,2000
11.515 2 GPS 0 0 0 0 0 0 0 0 0 0 1
11.518 2 ESTIMATOR 0. 0.
11.521 2 ATTITUDE 0.095989 0. -1.317619
11.525 2 ENERGY 36.200001 0. 0 0.
11.615 2 GPS 0 0 0 0 0 0 0 0 0 0 1
11.617 2 ESTIMATOR 0. 0.
11.621 2 WP_MOVED 4 360222.5 4813715. 75. 31
11.624 2 DL_VALUE 22 0.785
11.627 2 ALIVE 66,25,90,214,26,135,245,60,196,84,211,183,251,89,50,58
11.647 2 NAVIGATION 0 2 0. 0. 0. 0. 0 0
11.651 2 COMMANDS 2700,9600,-750,-718,0
11.716 2 GPS 0 0 0 0 0 0 0 0 0 0 1
11.717 2 ESTIMATOR 0. 0.
11.719 2 PPRZ_MODE 1 0 0 0 0 21
11.747 2 ACTUATORS 1281,1524,1537,0,1461,0,1500,2000
11.816 2 GPS 0 0 0 0 0 0 0 0 0 0 1
11.817 2 ESTIMATOR 0. 0.
11.821 2 IR_SENSORS 511 -449 -960 62 511
11.898 2 NAVIGATION 0 2 0. 0. 0. 0. 0 0
11.899 2 COMMANDS 2700,9600,-750,-718,0
11.916 2 GPS 0 0 0 0 0 0 0 0 0 0 1
11.918 2 ESTIMATOR 0. 0.
11.920 2 STATE_FILTER_STATUS 3 1533
11.960 2 DOWNLINK_STATUS 12 11529 523 0 1031. 48. 5.32
11.998 2 ACTUATORS 1281,1524,1537,0,1461,0,1500,2000
12.016 2 GPS 0 0 0 0 0 0 0 0 0 0 1
12.018 2 ESTIMATOR 0. 0.
12.022 2 ATTITUDE 0.095989 0. -1.317619
12.116 2 GPS 0 0 0 0 0 0 0 0 0 0 1
12.118 2 ESTIMATOR 0. 0.
12.122 2 WP_MOVED 5 360266. 4813542. 75. 31
12.124 2 CALIBRATION 0. 0
12.146 2 COMMANDS 2700,9600,-750,-718,0
12.149 2 WIND_INFO 2 42 0. 0. 0.
12.152 2 NAVIGATION 0 2 0. 0. 0. 0. 0 0
12.196 2 FBW_STATUS 0 49 1 362 0 1
12.216 2 GPS 0 0 0 0 0 0 0 0 0 0 1
12.218 2 ESTIMATOR 0. 0.
12.224 2 NAVIGATION 0 2 0. 0. 0. 0. 0 0
12.228 2 BAT 2700 362 1023 0 0 1 732 0 0
12.248 2 ACTUATORS 1281,1524,1537,0,1461,0,1500,2000
12.316 2 GPS 0 0 0 0 0 0 0 0 0 0 1
12.318 2 ESTIMATOR 0. 0.
12.396 2 COMMANDS 2700,9600,-750,-718,0
12.402 2 NAVIGATION 0 2 0. 0. 0. 0. 0 0
12.416 2 GPS 0 0 0 0 0 0 0 0 0 0 1
12.418 2 ESTIMATOR 0. 0.
12.468 2 DESIRED 0.01 -0.25 0. 0. 0. 50. 0. 18.
12.498 2 ACTUATORS 1281,1524,1537,0,1461,0,1500,2000
12.516 2 GPS 0 0 0 0 0 0 0 0 0 0 1
12.518 2 ESTIMATOR 0. 0.
12.522 2 ATTITUDE 0.095989 0. -1.317619
12.616 2 GPS 0 0 0 0 0 0 0 0 0 0 1
12.618 2 ESTIMATOR 0. 0.
12.622 2 WP_MOVED 6 360266. 4813567. 75. 31
12.646 2 COMMANDS 2700,9600,-750,-718,0
12.652 2 NAVIGATION 0 2 0. 0. 0. 0. 0 0
12.716 2 GPS 0 0 0 0 0 0 0 0 0 0 1
12.718 2 ESTIMATOR 0. 0.
12.748 2 ACTUATORS 1281,1524,1537,0,1461,0,1500,2000
12.816 2 GPS 0 0 0 0 0 0 0 0 0 0 1
12.818 2 ESTIMATOR 0. 0.
12.913 2 COMMANDS 2700,9600,-750,-718,0
12.913 2 NAVIGATION 0 2 0. 0. 0. 0. 0 0
