3.295 2 GPS 0 0 0 0 0 0 0 0 0 0 1
3.303 2 ESTIMATOR 0. 0.
3.303 2 STATE_FILTER_STATUS 3 1533
3.376 2 ACTUATORS 0,1100,1100,0,1000,0,0,1100
3.394 2 GPS 0 0 0 0 0 0 0 0 0 0 1
3.397 2 ESTIMATOR 0. 0.
3.400 2 ATTITUDE 0.095989 0. -1.317619
3.494 2 GPS 0 0 0 0 0 0 0 0 0 0 1
3.496 2 ESTIMATOR 0. 0.
3.500 2 WP_MOVED 1 374889. 4223058. 75. 18
3.504 2 BAT -9600 362 1023 0 0 0 7 0 0
3.524 2 COMMANDS -9600,-9600,-9600,-9600
3.528 2 NAVIGATION 3 5 0. 0. 0. 0. 0 0
3.594 2 GPS 0 0 0 0 0 0 0 0 0 0 1
3.596 2 ESTIMATOR 0. 0.
3.602 2 NAVIGATION 3 5 0. 0. 0. 0. 0 0
3.604 2 GPS_SOL 0 0 0 0
3.625 2 ACTUATORS 0,1100,1100,0,1000,0,0,1100
3.694 2 GPS 0 0 0 0 0 0 0 0 0 0 1
3.696 2 ESTIMATOR 0. 0.
3.773 2 COMMANDS -9600,-9600,-9600,-9600
3.778 2 NAVIGATION 3 5 0. 0. 0. 0. 0 0
3.794 2 GPS 0 0 0 0 0 0 0 0 0 0 1
3.796 2 ESTIMATOR 0. 0.
3.800 2 IR_SENSORS 511 -449 -960 62 511
3.876 2 ACTUATORS 0,1100,1100,0,1000,0,0,1100
3.894 2 GPS 0 0 0 0 0 0 0 0 0 0 1
3.896 2 ESTIMATOR 0. 0.
3.899 2 ATTITUDE 0.095989 0. -1.317619
3.902 2 DOWNLINK 1 950 1194
3.948 2 DOWNLINK_STATUS 4 3838 175 0 988. 46. 0.
3.993 2 GPS 0 0 0 0 0 0 0 0 0 0 1
3.995 2 ESTIMATOR 0. 0.
4.000 2 WP_MOVED 0 374931. 4223100. 75. 18
4.026 2 NAVIGATION 3 5 0. 0. 0. 0. 0 0
4.028 2 COMMANDS -9600,-9600,-9600,-9600
4.094 2 GPS 0 0 0 0 0 0 0 0 0 0 1
4.096 2 ESTIMATOR 0. 0.
4.126 2 ACTUATORS 0,1100,1100,0,1000,0,0,1100
4.194 2 GPS 0 0 0 0 0 0 0 0 0 0 1
4.196 2 ESTIMATOR 0. 0.
4.275 2 NAVIGATION 3 5 0. 0. 0. 0. 0 0
4.278 2 COMMANDS -9600,-9600,-9600,-9600
4.294 2 GPS 0 0 0 0 0 0 0 0 0 0 1
4.296 2 ESTIMATOR 0. 0.
4.304 2 DESIRED 0. 0. 0. 0. 0. 50. 0. 18.
4.376 2 ACTUATORS 0,1100,1100,0,1000,0,0,1100
4.394 2 GPS 0 0 0 0 0 0 0 0 0 0 1
4.396 2 ESTIMATOR 0. 0.
4.400 2 ATTITUDE 0.095989 0. -1.317619
4.494 2 GPS 0 0 0 0 0 0 0 0 0 0 1
4.496 2 ESTIMATOR 0. 0.
4.500 2 WP_MOVED 1 374889. 4223058. 75. 18
4.502 2 DL_VALUE 18 0.15
4.524 2 COMMANDS -9600,-9600,-9600,-9600
4.528 2 NAVIGATION 3 5 0. 0. 0. 0. 0 0
4.574 2 FBW_STATUS 0 0 0 362 0 1758
4.594 2 GPS 0 0 0 0 0 0 0 0 0 0 1
4.596 2 ESTIMATOR 0. 0.
4.602 2 NAVIGATION 3 5 0. 0. 0. 0. 0 0
4.604 2 BAT -9600 362 1023 0 0 0 8 0 0
4.626 2 ACTUATORS 0,1100,1100,0,1000,0,0,1100
4.694 2 GPS 0 0 0 0 0 0 0 0 0 0 1
4.698 2 ESTIMATOR 0. 0.
4.774 2 COMMANDS -9600,-9600,-9600,-9600
4.778 2 NAVIGATION 3 5 0. 0. 0. 0. 0 0
4.794 2 GPS 0 0 0 0 0 0 0 0 0 0 1
4.796 2 ESTIMATOR 0. 0.
4.876 2 ACTUATORS 0,1100,1100,0,1000,0,0,1100
4.894 2 GPS 0 0 0 0 0 0 0 0 0 0 1
4.895 2 ESTIMATOR 0. 0.
4.900 2 ATTITUDE 0.095989 0. -1.317619
4.949 2 DOWNLINK_STATUS 5 4755 216 0 917. 41. 0.
4.994 2 GPS 0 0 0 0 0 0 0 0 0 0 1
4.996 2 ESTIMATOR 0. 0.
5.000 2 WP_MOVED 0 374931. 4223100. 75. 18
5.004 2 IR_SENSORS 511 -449 -960 62 511
5.004 2 CALIBRATION 0. 0
5.026 2 NAVIGATION 3 5 0. 0. 0. 0. 0 0
5.028 2 COMMANDS -9600,-9600,-9600,-9600
5.094 2 GPS 0 0 0 0 0 0 0 0 0 0 1
5.096 2 ESTIMATOR 0. 0.
5.126 2 ACTUATORS 0,1100,1100,0,1000,0,0,1100
5.194 2 GPS 0 0 0 0 0 0 0 0 0 0 1
5.196 2 ESTIMATOR 0. 0.
5.274 2 COMMANDS -9600,-9600,-9600,-9600
5.279 2 NAVIGATION 3 5 0. 0. 0. 0. 0 0
5.294 2 GPS 0 0 0 0 0 0 0 0 0 0 1
5.298 2 ESTIMATOR 0. 0.
5.346 2 DESIRED 0. 0. 0. 0. 0. 50. 0. 18.
5.375 2 ACTUATORS 0,1100,1100,0,1000,0,0,1100
5.393 2 GPS 0 0 0 0 0 0 0 0 0 0 1
5.398 2 ESTIMATOR 0. 0.
5.399 2 ATTITUDE 0.095989 0. -1.317619
5.404 2 ENERGY 36.200001 0. 0 0.
5.452 2 PONG 
5.493 2 GPS 0 0 0 0 0 0 0 0 0 0 1
5.497 2 ESTIMATOR 0. 0.
5.500 2 WP_MOVED 1 374889. 4223058. 75. 18
5.502 2 NAVIGATION_REF 374889 4223058 18
5.523 2 COMMANDS -9600,-9600,-9600,-9600
5.530 2 NAVIGATION 3 5 0. 0. 0. 0. 0 0
5.594 2 GPS 0 0 0 0 0 0 0 0 0 0 1
5.598 2 ESTIMATOR 0. 0.
5.602 2 NAVIGATION 3 5 0. 0. 0. 0. 0 0
5.604 2 GPS_SOL 0 0 0 0
5.625 2 ACTUATORS 0,1100,1100,0,1000,0,0,1100
5.694 2 GPS 0 0 0 0 0 0 0 0 0 0 1
5.695 2 ESTIMATOR 0. 0.
5.699 2 BAT -9600 362 1023 0 0 0 9 0 0
5.773 2 COMMANDS -9600,-9600,-9600,-9600
5.777 2 NAVIGATION 3 5 0. 0. 0. 0. 0 0
5.794 2 GPS 0 0 0 0 0 0 0 0 0 0 1
5.795 2 ESTIMATOR 0. 0.
5.876 2 ACTUATORS 0,1100,1100,0,1000,0,0,1100
5.894 2 GPS 0 0 0 0 0 0 0 0 0 0 1
5.895 2 ESTIMATOR 0. 0.
5.900 2 ATTITUDE 0.095989 0. -1.317619
5.949 2 DOWNLINK_STATUS 6 5729 261 0 974. 45. 6.58
5.993 2 GPS 0 0 0 0 0 0 0 0 0 0 1
5.995 2 ESTIMATOR 0. 0.
5.999 2 WP_MOVED 0 374931. 4223100. 75. 18
6.002 2 DL_VALUE 19 0.14
6.024 2 COMMANDS -9600,-9600,-9600,-9600
6.027 2 NAVIGATION 3 5 0. 0. 0. 0. 0 0
6.094 2 GPS 0 0 0 0 0 0 0 0 0 0 1
6.095 2 ESTIMATOR 0. 0.
6.126 2 ACTUATORS 0,1100,1100,0,1000,0,0,1100
6.193 2 GPS 0 0 0 0 0 0 0 0 0 0 1
6.196 2 ESTIMATOR 0. 0.
6.200 2 IR_SENSORS 511 -449 -960 62 511
6.274 2 COMMANDS -9600,-9600,-9600,-9600
6.278 2 NAVIGATION 4 0 0. 0. 0. 0. 0 0
6.296 2 GPS 0 0 0 0 0 0 0 0 0 0 1
6.297 2 ESTIMATOR 0. 0.
6.376 2 ACTUATORS 0,1100,1100,0,1000,0,0,1100
6.394 2 GPS 0 0 0 0 0 0 0 0 0 0 1
6.395 2 ESTIMATOR 0. 0.
6.400 2 ATTITUDE 0.095989 0. -1.317619
6.406 2 DESIRED 0. 0. 0. 0. 0. 50. 0. 18.
6.494 2 GPS 0 0 0 0 0 0 0 0 0 0 1
6.496 2 ESTIMATOR 0. 0.
6.500 2 WP_MOVED 1 374889. 4223058. 75. 18
6.524 2 COMMANDS -9600,-9600,-9600,-9600
6.530 2 NAVIGATION 4 1 0. 0. 0. 0. 0 0
6.574 2 FBW_STATUS 0 0 0 362 0 1878
6.593 2 GPS 0 0 0 0 0 0 0 0 0 0 1
6.595 2 ESTIMATOR 0. 0.
6.602 2 NAVIGATION 4 1 0. 0. 0. 0. 0 0
6.625 2 ACTUATORS 0,1100,1100,0,1500,0,0,1100
6.694 2 GPS 0 0 0 0 0 0 0 0 0 0 1
6.696 2 ESTIMATOR 0. 0.
6.774 2 COMMANDS 0,-9600,-9600,-9600
6.778 2 NAVIGATION 4 2 0. 0. 0. 0. 0 0
6.796 2 GPS 0 0 0 0 0 0 0 0 0 0 1
6.797 2 ESTIMATOR 0. 0.
6.799 2 BAT -9600 362 1023 0 0 0 0 0 0
6.876 2 ACTUATORS 0,1100,1100,0,1500,0,0,1500
6.894 2 GPS 0 0 0 0 0 0 0 0 0 0 1
6.896 2 ESTIMATOR 0. 0.
6.900 2 ATTITUDE 0.095989 0. -1.317619
6.950 2 DOWNLINK_STATUS 7 6662 303 0 933. 42. 6.58
6.993 2 GPS 0 0 0 0 0 0 0 0 0 0 1
6.995 2 ESTIMATOR 0. 0.
6.999 2 WP_MOVED 0 374931. 4223100. 75. 18
7.024 2 COMMANDS 0,0,-9600,-9600
7.028 2 NAVIGATION 4 3 0. 0. 0. 0. 0 0
7.094 2 GPS 0 0 0 0 0 0 0 0 0 0 1
7.096 2 ESTIMATOR 0. 0.
7.098 2 CALIBRATION 0. 0
7.126 2 ACTUATORS 0,1500,1100,0,1500,0,0,1500
7.194 2 GPS 0 0 0 0 0 0 0 0 0 0 1
7.195 2 ESTIMATOR 0. 0.
7.274 2 COMMANDS 0,0,0,-9600
7.278 2 NAVIGATION 4 4 0. 0. 0. 0. 0 0
7.294 2 GPS 0 0 0 0 0 0 0 0 0 0 1
7.296 2 ESTIMATOR 0. 0.
7.376 2 ACTUATORS 0,1500,1500,0,1500,0,0,1500
7.394 2 GPS 0 0 0 0 0 0 0 0 0 0 1
7.396 2 ESTIMATOR 0. 0.
7.400 2 ATTITUDE 0.095989 0. -1.317619
7.402 2 IR_SENSORS 511 -449 -960 62 511
7.444 2 DESIRED 0. 0. 0. 0. 0. 50. 0. 18.
7.494 2 GPS 0 0 0 0 0 0 0 0 0 0 1
7.496 2 ESTIMATOR 0. 0.
7.500 2 WP_MOVED 1 374889. 4223058. 75. 18
7.502 2 DL_VALUE 20 0.
7.523 2 COMMANDS 0,0,0,0
7.527 2 NAVIGATION 4 5 0. 0. 0. 0. 0 0
7.594 2 GPS 0 0 0 0 0 0 0 0 0 0 1
7.596 2 ESTIMATOR 0. 0.
7.602 2 NAVIGATION 4 5 0. 0. 0. 0. 0 0
7.604 2 GPS_SOL 0 0 0 0
7.626 2 ACTUATORS 0,1500,1500,0,1500,0,0,1500
7.694 2 GPS 0 0 0 0 0 0 0 0 0 0 1
7.696 2 ESTIMATOR 0. 0.
7.776 2 NAVIGATION 4 5 0. 0. 0. 0. 0 0
7.778 2 COMMANDS 0,0,0,0
7.794 2 GPS 0 0 0 0 0 0 0 0 0 0 1
7.797 2 ESTIMATOR 0. 0.
7.876 2 ACTUATORS 0,1500,1500,0,1500,0,0,1500
7.894 2 GPS 0 0 0 0 0 0 0 0 0 0 1
7.896 2 ESTIMATOR 0. 0.
7.900 2 ATTITUDE 0.095989 0. -1.317619
7.904 2 BAT 0 362 1023 0 0 0 1 0 0
7.906 2 ENERGY 36.200001 0. 0 0.
7.951 2 DOWNLINK_STATUS 8 7626 347 0 964. 44. 6.58
7.994 2 GPS 0 0 0 0 0 0 0 0 0 0 1
7.995 2 ESTIMATOR 0. 0.
7.999 2 WP_MOVED 0 374931. 4223100. 75. 18
8.004 2 ALIVE 218,215,25,174,53,27,143,182,204,97,139,231,109,88,2,177
8.024 2 COMMANDS 0,0,0,0
8.028 2 NAVIGATION 4 5 0. 0. 0. 0. 0 0
8.094 2 GPS 0 0 0 0 0 0 0 0 0 0 1
8.096 2 ESTIMATOR 0. 0.
8.098 2 PPRZ_MODE 1 0 0 0 0 17
8.126 2 ACTUATORS 0,1500,1500,0,1500,0,0,1500
8.194 2 GPS 0 0 0 0 0 0 0 0 0 0 1
8.196 2 ESTIMATOR 0. 0.
8.274 2 COMMANDS 0,0,0,0
8.278 2 NAVIGATION 4 5 0. 0. 0. 0. 0 0
8.294 2 GPS 0 0 0 0 0 0 0 0 0 0 1
8.299 2 ESTIMATOR 0. 0.
8.299 2 STATE_FILTER_STATUS 3 1533
8.376 2 ACTUATORS 0,1500,1500,0,1500,0,0,1500
8.394 2 GPS 0 0 0 0 0 0 0 0 0 0 1
8.396 2 ESTIMATOR 0. 0.
8.400 2 ATTITUDE 0.095989 0. -1.317619
8.493 2 GPS 0 0 0 0 0 0 0 0 0 0 1
8.497 2 ESTIMATOR 0. 0.
8.499 2 WP_MOVED 1 374889. 4223058. 75. 18
8.507 2 DESIRED 0. 0. 0. 0. 0. 50. 0. 18.
8.522 2 COMMANDS 0,0,0,0
8.529 2 NAVIGATION 4 5 0. 0. 0. 0. 0 0
8.575 2 FBW_STATUS 0 0 0 362 0 1998
8.593 2 GPS 0 0 0 0 0 0 0 0 0 0 1
8.597 2 ESTIMATOR 0. 0.
8.601 2 NAVIGATION 4 5 0. 0. 0. 0. 0 0
8.603 2 IR_SENSORS 511 -449 -960 62 511
8.625 2 ACTUATORS 0,1500,1500,0,1500,0,0,1500
8.693 2 GPS 0 0 0 0 0 0 0 0 0 0 1
8.697 2 ESTIMATOR 0. 0.
8.773 2 COMMANDS 0,0,0,0
8.779 2 NAVIGATION 4 5 0. 0. 0. 0. 0 0
8.793 2 GPS 0 0 0 0 0 0 0 0 0 0 1
8.800 2 ESTIMATOR 0. 0.
8.875 2 ACTUATORS 0,1500,1500,0,1500,0,0,1500
8.893 2 GPS 0 0 0 0 0 0 0 0 0 0 1
8.897 2 ESTIMATOR 0. 0.
8.899 2 ATTITUDE 0.095989 0. -1.317619
8.952 2 DOWNLINK_STATUS 9 8569 390 0 943. 43. 6.58
8.993 2 GPS 0 0 0 0 0 0 0 0 0 0 1
8.997 2 ESTIMATOR 0. 0.
8.999 2 WP_MOVED 0 374931. 4223100. 75. 18
9.004 2 BAT 0 362 1023 0 0 0 2 0 0
9.006 2 DL_VALUE 21 50.
9.008 2 DOWNLINK 1 949 1415
9.026 2 NAVIGATION 4 5 0. 0. 0. 0. 0 0
9.028 2 COMMANDS 0,0,0,0
9.094 2 GPS 0 0 0 0 0 0 0 0 0 0 1
9.096 2 ESTIMATOR 0. 0.
9.126 2 ACTUATORS 0,1500,1500,0,1500,0,0,1500
9.194 2 GPS 0 0 0 0 0 0 0 0 0 0 1
9.196 2 ESTIMATOR 0. 0.
9.198 2 CALIBRATION 0. 0
9.273 2 COMMANDS 0,0,0,0
9.277 2 NAVIGATION 4 5 0. 0. 0. 0. 0 0
9.294 2 GPS 0 0 0 0 0 0 0 0 0 0 1
9.296 2 ESTIMATOR 0. 0.
9.375 2 ACTUATORS 0,1500,1500,0,1500,0,0,1500
9.393 2 GPS 0 0 0 0 0 0 0 0 0 0 1
9.395 2 ESTIMATOR 0. 0.
9.399 2 ATTITUDE 0.095989 0. -1.317619
9.493 2 GPS 0 0 0 0 0 0 0 0 0 0 1
9.496 2 ESTIMATOR 0. 0.
9.500 2 WP_MOVED 1 374889. 4223058. 75. 18
9.526 2 NAVIGATION 4 5 0. 0. 0. 0. 0 0
9.528 2 COMMANDS 0,0,0,0
9.544 2 DESIRED 0. 0. 0. 0. 0. 50. 0. 18.
9.593 2 GPS 0 0 0 0 0 0 0 0 0 0 1
9.595 2 ESTIMATOR 0. 0.
9.601 2 NAVIGATION 4 5 0. 0. 0. 0. 0 0
9.603 2 GPS_SOL 0 0 0 0
9.626 2 ACTUATORS 0,1500,1500,0,1500,0,0,1500
9.694 2 GPS 0 0 0 0 0 0 0 0 0 0 1
9.695 2 ESTIMATOR 0. 0.
9.776 2 NAVIGATION 4 5 0. 0. 0. 0. 0 0
9.778 2 COMMANDS 0,0,0,0
9.794 2 GPS 0 0 0 0 0 0 0 0 0 0 1
9.796 2 ESTIMATOR 0. 0.
9.801 2 IR_SENSORS 511 -449 -960 62 511
9.876 2 ACTUATORS 0,1500,1500,0,1500,0,0,1500
9.893 2 GPS 0 0 0 0 0 0 0 0 0 0 1
9.895 2 ESTIMATOR 0. 0.
9.899 2 ATTITUDE 0.095989 0. -1.317619
9.953 2 DOWNLINK_STATUS 10 9524 434 0 955. 44. 6.58
9.994 2 GPS 0 0 0 0 0 0 0 0 0 0 1
9.996 2 ESTIMATOR 0. 0.
9.999 2 WP_MOVED 0 374931. 4223100. 75. 18
10.023 2 COMMANDS 0,0,0,0
10.027 2 NAVIGATION 4 5 0. 0. 0. 0. 0 0
10.094 2 GPS 0 0 0 0 0 0 0 0 0 0 1
10.096 2 ESTIMATOR 0. 0.
10.100 2 BAT 0 362 1023 0 0 0 3 0 0
10.126 2 ACTUATORS 0,1500,1500,0,1500,0,0,1500
10.194 2 GPS 0 0 0 0 0 0 0 0 0 0 1
10.195 2 ESTIMATOR 0. 0.
10.274 2 COMMANDS 0,0,0,0
10.278 2 NAVIGATION 4 5 0. 0. 0. 0. 0 0
10.293 2 GPS 0 0 0 0 0 0 0 0 0 0 1
10.295 2 ESTIMATOR 0. 0.
10.376 2 ACTUATORS 0,1500,1500,0,1500,0,0,1500
10.394 2 GPS 0 0 0 0 0 0 0 0 0 0 1
10.396 2 ESTIMATOR 0. 0.
10.399 2 ATTITUDE 0.095989 0. -1.317619
10.401 2 ENERGY 36.200001 0. 0 0.
10.452 2 PONG 
10.493 2 GPS 0 0 0 0 0 0 0 0 0 0 1
10.496 2 ESTIMATOR 0. 0.
10.499 2 WP_MOVED 1 374889. 4223058. 75. 18
10.502 2 DL_VALUE 22 0.
10.524 2 COMMANDS 0,0,0,0
10.528 2 NAVIGATION 4 5 0. 0. 0. 0. 0 0
10.574 2 FBW_STATUS 0 0 0 362 0 2118
10.593 2 GPS 0 0 0 0 0 0 0 0 0 0 1
10.595 2 ESTIMATOR 0. 0.
10.599 2 NAVIGATION 4 5 0. 0. 0. 0. 0 0
10.607 2 DESIRED 0. 0. 0. 0. 0. 50. 0. 18.
10.626 2 ACTUATORS 0,1500,1500,0,1500,0,0,1500
10.694 2 GPS 0 0 0 0 0 0 0 0 0 0 1
10.695 2 ESTIMATOR 0. 0.
10.774 2 COMMANDS 0,0,0,0
10.778 2 NAVIGATION 4 5 0. 0. 0. 0. 0 0
10.793 2 GPS 0 0 0 0 0 0 0 0 0 0 1
10.796 2 ESTIMATOR 0. 0.
10.876 2 ACTUATORS 0,1500,1500,0,1500,0,0,1500
10.894 2 GPS 0 0 0 0 0 0 0 0 0 0 1
10.896 2 ESTIMATOR 0. 0.
10.900 2 ATTITUDE 0.095989 0. -1.317619
10.954 2 DOWNLINK_STATUS 11 10467 477 0 943. 43. 5.16
10.994 2 GPS 0 0 0 0 0 0 0 0 0 0 1
10.996 2 ESTIMATOR 0. 0.
11.000 2 WP_MOVED 0 374931. 4223100. 75. 18
11.002 2 IR_SENSORS 511 -449 -960 62 511
11.024 2 COMMANDS 0,0,0,0
11.028 2 NAVIGATION 4 5 0. 0. 0. 0. 0 0
11.094 2 GPS 0 0 0 0 0 0 0 0 0 0 1
11.096 2 ESTIMATOR 0. 0.
11.126 2 ACTUATORS 0,1500,1500,0,1500,0,0,1500
11.194 2 GPS 0 0 0 0 0 0 0 0 0 0 1
11.196 2 ESTIMATOR 0. 0.
11.200 2 BAT 0 362 1023 0 0 0 4 0 0
11.274 2 COMMANDS 0,0,0,0
11.278 2 NAVIGATION 4 5 0. 0. 0. 0. 0 0
11.293 2 GPS 0 0 0 0 0 0 0 0 0 0 1
11.296 2 ESTIMATOR 0. 0.
11.297 2 CALIBRATION 0. 0
11.376 2 ACTUATORS 0,1500,1500,0,1500,0,0,1500
11.394 2 GPS 0 0 0 0 0 0 0 0 0 0 1
11.395 2 ESTIMATOR 0. 0.
11.400 2 ATTITUDE 0.095989 0. -1.317619
11.494 2 GPS 0 0 0 0 0 0 0 0 0 0 1
11.495 2 ESTIMATOR 0. 0.
11.500 2 WP_MOVED 1 374889. 4223058. 75. 18
11.526 2 NAVIGATION 4 5 0. 0. 0. 0. 0 0
11.527 2 COMMANDS 0,0,0,0
11.594 2 GPS 0 0 0 0 0 0 0 0 0 0 1
11.596 2 ESTIMATOR 0. 0.
11.600 2 NAVIGATION 4 5 0. 0. 0. 0. 0 0
11.604 2 GPS_SOL 0 0 0 0
11.626 2 ACTUATORS 0,1500,1500,0,1500,0,0,1500
11.644 2 DESIRED 0. 0. 0. 0. 0. 50. 0. 18.
11.694 2 GPS 0 0 0 0 0 0 0 0 0 0 1
11.696 2 ESTIMATOR 0. 0.
11.774 2 COMMANDS 0,0,0,0
11.778 2 NAVIGATION 4 5 0. 0. 0. 0. 0 0
11.793 2 GPS 0 0 0 0 0 0 0 0 0 0 1
11.796 2 ESTIMATOR 0. 0.
11.874 2 ACTUATORS 0,1500,1500,0,1500,0,0,1500
11.894 2 GPS 0 0 0 0 0 0 0 0 0 0 1
11.896 2 ESTIMATOR 0. 0.
11.900 2 ATTITUDE 0.095989 0. -1.317619
11.955 2 DOWNLINK_STATUS 12 11400 519 0 933. 42. 5.16
11.994 2 GPS 0 0 0 0 0 0 0 0 0 0 1
11.996 2 ESTIMATOR 0. 0.
12.000 2 WP_MOVED 0 374931. 4223100. 75. 18
12.002 2 DL_VALUE 23 0.
12.024 2 COMMANDS 0,0,0,0
12.028 2 NAVIGATION 4 5 0. 0. 0. 0. 0 0
12.094 2 GPS 0 0 0 0 0 0 0 0 0 0 1
12.096 2 ESTIMATOR 0. 0.
12.124 2 ACTUATORS 0,1500,1500,0,1500,0,0,1500
12.194 2 GPS 0 0 0 0 0 0 0 0 0 0 1
12.196 2 ESTIMATOR 0. 0.
12.197 2 IR_SENSORS 511 -449 -960 62 511
12.276 2 NAVIGATION 4 5 0. 0. 0. 0. 0 0
12.278 2 COMMANDS 0,0,0,0
12.294 2 GPS 0 0 0 0 0 0 0 0 0 0 1
12.296 2 ESTIMATOR 0. 0.
12.300 2 BAT 0 362 1023 0 0 0 6 0 0
12.374 2 ACTUATORS 0,1500,1500,0,1500,0,0,1500
12.393 2 GPS 0 0 0 0 0 0 0 0 0 0 1
12.395 2 ESTIMATOR 0. 0.
12.399 2 ATTITUDE 0.095989 0. -1.317619
12.493 2 GPS 0 0 0 0 0 0 0 0 0 0 1
12.495 2 ESTIMATOR 0. 0.
12.499 2 WP_MOVED 1 374889. 4223058. 75. 18
12.523 2 COMMANDS 0,0,0,0
12.529 2 NAVIGATION 4 5 0. 0. 0. 0. 0 0
12.575 2 FBW_STATUS 0 0 0 362 0 2238
12.593 2 GPS 0 0 0 0 0 0 0 0 0 0 1
12.595 2 ESTIMATOR 0. 0.
12.601 2 NAVIGATION 4 5 0. 0. 0. 0. 0 0
12.624 2 ACTUATORS 0,1500,1500,0,1500,0,0,1500
12.693 2 GPS 0 0 0 0 0 0 0 0 0 0 1
12.695 2 ESTIMATOR 0. 0.
12.703 2 DESIRED 0. 0. 0. 0. 0. 50. 0. 18.
12.773 2 COMMANDS 0,0,0,0
12.777 2 NAVIGATION 4 5 0. 0. 0. 0. 0 0
12.793 2 GPS 0 0 0 0 0 0 0 0 0 0 1
12.795 2 ESTIMATOR 0. 0.
12.875 2 ACTUATORS 0,1500,1500,0,1500,0,0,1500
12.893 2 GPS 0 0 0 0 0 0 0 0 0 0 1
12.895 2 ESTIMATOR 0. 0.
12.899 2 ATTITUDE 0.095989 0. -1.317619
12.903 2 ENERGY 36.200001 0. 0 0.
12.955 2 DOWNLINK_STATUS 13 12353 562 0 953. 43. 5.16
13.010 2 GPS 0 0 0 0 0 0 0 0 0 0 1
13.012 2 ESTIMATOR 0. 0.
13.012 2 WP_MOVED 0 374931. 4223100. 75. 18
13.012 2 ALIVE 218,215,25,174,53,27,143,182,204,97,139,231,109,88,2,177
13.023 2 COMMANDS 0,0,0,0
13.027 2 NAVIGATION 4 5 0. 0. 0. 0. 0 0
13.093 2 GPS 0 0 0 0 0 0 0 0 0 0 1
13.095 2 ESTIMATOR 0. 0.
13.097 2 PPRZ_MODE 1 0 0 0 0 17
13.125 2 ACTUATORS 0,1500,1500,0,1500,0,0,1500
13.193 2 GPS 0 0 0 0 0 0 0 0 0 0 1
13.195 2 ESTIMATOR 0. 0.
13.273 2 COMMANDS 0,0,0,0
13.277 2 NAVIGATION 4 5 0. 0. 0. 0. 0 0
13.293 2 GPS 0 0 0 0 0 0 0 0 0 0 1
13.295 2 ESTIMATOR 0. 0.
13.297 2 STATE_FILTER_STATUS 3 1533
13.375 2 ACTUATORS 0,1500,1500,0,1500,0,0,1500
13.393 2 GPS 0 0 0 0 0 0 0 0 0 0 1
13.395 2 ESTIMATOR 0. 0.
13.399 2 ATTITUDE 0.095989 0. -1.317619
13.403 2 BAT 0 362 1023 0 0 0 7 0 0
13.405 2 IR_SENSORS 511 -449 -960 62 511
13.407 2 CALIBRATION 0. 0
13.493 2 GPS 0 0 0 0 0 0 0 0 0 0 1
13.495 2 ESTIMATOR 0. 0.
13.499 2 WP_MOVED 1 374889. 4223058. 75. 18
13.501 2 DL_VALUE 24 0.
13.523 2 COMMANDS 0,0,0,0
13.527 2 NAVIGATION 4 5 0. 0. 0. 0. 0 0
13.593 2 GPS 0 0 0 0 0 0 0 0 0 0 1
13.595 2 ESTIMATOR 0. 0.
13.599 2 NAVIGATION 4 5 0. 0. 0. 0. 0 0
13.603 2 GPS_SOL 0 0 0 0
13.625 2 ACTUATORS 0,1500,1500,0,1500,0,0,1500
13.693 2 GPS 0 0 0 0 0 0 0 0 0 0 1
13.695 2 ESTIMATOR 0. 0.
13.745 2 DESIRED 0. 0. 0. 0. 0. 50. 0. 18.
13.773 2 COMMANDS 0,0,0,0
13.777 2 NAVIGATION 4 5 0. 0. 0. 0. 0 0
13.793 2 GPS 0 0 0 0 0 0 0 0 0 0 1
13.795 2 ESTIMATOR 0. 0.
13.875 2 ACTUATORS 0,1500,1500,0,1500,0,0,1500
13.893 2 GPS 0 0 0 0 0 0 0 0 0 0 1
13.894 2 ESTIMATOR 0. 0.
13.899 2 ATTITUDE 0.095989 0. -1.317619
13.956 2 DOWNLINK_STATUS 14 13341 608 0 988. 46. 5.16
13.993 2 GPS 0 0 0 0 0 0 0 0 0 0 1
13.995 2 ESTIMATOR 0. 0.
13.999 2 WP_MOVED 0 374931. 4223100. 75. 18
14.023 2 COMMANDS 0,0,0,0
14.029 2 NAVIGATION 4 5 0. 0. 0. 0. 0 0
14.093 2 GPS 0 0 0 0 0 0 0 0 0 0 1
14.095 2 ESTIMATOR 0. 0.
14.097 2 DOWNLINK 1 946 1635
14.125 2 ACTUATORS 0,1500,1500,0,1500,0,0,1500
14.193 2 GPS 0 0 0 0 0 0 0 0 0 0 1
14.195 2 ESTIMATOR 0. 0.
14.273 2 COMMANDS 0,0,0,0
14.277 2 NAVIGATION 4 5 0. 0. 0. 0. 0 0
14.293 2 GPS 0 0 0 0 0 0 0 0 0 0 1
14.296 2 ESTIMATOR 0. 0.
14.375 2 ACTUATORS 0,1500,1500,0,1500,0,0,1500
14.392 2 GPS 0 0 0 0 0 0 0 0 0 0 1
14.395 2 ESTIMATOR 0. 0.
14.399 2 ATTITUDE 0.095989 0. -1.317619
14.493 2 GPS 0 0 0 0 0 0 0 0 0 0 1
14.494 2 ESTIMATOR 0. 0.
14.499 2 WP_MOVED 1 374889. 4223058. 75. 18
14.503 2 BAT 0 362 1023 0 0 0 8 0 0
14.505 2 NAVIGATION_REF 374889 4223058 18
14.523 2 COMMANDS 0,0,0,0
14.527 2 NAVIGATION 4 5 0. 0. 0. 0. 0 0
14.573 2 FBW_STATUS 0 0 0 362 0 2358
14.593 2 GPS 0 0 0 0 0 0 0 0 0 0 1
14.595 2 ESTIMATOR 0. 0.
14.601 2 NAVIGATION 4 5 0. 0. 0. 0. 0 0
14.603 2 IR_SENSORS 511 -449 -960 62 511
14.624 2 ACTUATORS 0,1500,1500,0,1500,0,0,1500
14.693 2 GPS 0 0 0 0 0 0 0 0 0 0 1
14.695 2 ESTIMATOR 0. 0.
14.773 2 COMMANDS 0,0,0,0
14.777 2 NAVIGATION 4 5 0. 0. 0. 0. 0 0
14.793 2 GPS 0 0 0 0 0 0 0 0 0 0 1
14.795 2 ESTIMATOR 0. 0.
14.804 2 DESIRED 0. 0. 0. 0. 0. 50. 0. 18.
14.875 2 ACTUATORS 0,1500,1500,0,1500,0,0,1500
14.893 2 GPS 0 0 0 0 0 0 0 0 0 0 1
14.895 2 ESTIMATOR 0. 0.
14.899 2 ATTITUDE 0.095989 0. -1.317619
14.957 2 DOWNLINK_STATUS 15 14289 651 0 948. 43. 5.16
14.993 2 GPS 0 0 0 0 0 0 0 0 0 0 1
14.995 2 ESTIMATOR 0. 0.
14.999 2 WP_MOVED 0 374931. 4223100. 75. 18
15.001 2 DL_VALUE 25 100.
15.025 2 NAVIGATION 4 5 0. 0. 0. 0. 0 0
15.026 2 COMMANDS 0,0,0,0
15.092 2 GPS 0 0 0 0 0 0 0 0 0 0 1
15.094 2 ESTIMATOR 0. 0.
15.125 2 ACTUATORS 0,1500,1500,0,1500,0,0,1500
15.193 2 GPS 0 0 0 0 0 0 0 0 0 0 1
15.195 2 ESTIMATOR 0. 0.
15.275 2 NAVIGATION 4 5 0. 0. 0. 0. 0 0
15.277 2 COMMANDS 0,0,0,0
15.292 2 GPS 0 0 0 0 0 0 0 0 0 0 1
15.294 2 ESTIMATOR 0. 0.
15.375 2 ACTUATORS 0,1500,1500,0,1500,0,0,1500
15.393 2 GPS 0 0 0 0 0 0 0 0 0 0 1
15.395 2 ESTIMATOR 0. 0.
15.399 2 ATTITUDE 0.095989 0. -1.317619
15.403 2 ENERGY 36.200001 0. 0 0.
15.452 2 PONG 
15.493 2 GPS 0 0 0 0 0 0 0 0 0 0 1
15.495 2 ESTIMATOR 0. 0.
15.498 2 WP_MOVED 1 374889. 4223058. 75. 18
15.501 2 CALIBRATION 0. 0
15.523 2 COMMANDS 0,0,0,0
15.527 2 NAVIGATION 4 5 0. 0. 0. 0. 0 0
15.593 2 GPS 0 0 0 0 0 0 0 0 0 0 1
15.595 2 ESTIMATOR 0. 0.
15.601 2 NAVIGATION 4 5 0. 0. 0. 0. 0 0
15.605 2 BAT 0 362 1023 0 0 0 9 0 0
15.607 2 GPS_SOL 0 0 0 0
15.625 2 ACTUATORS 0,1500,1500,0,1500,0,0,1500
15.693 2 GPS 0 0 0 0 0 0 0 0 0 0 1
15.694 2 ESTIMATOR 0. 0.
15.773 2 COMMANDS 0,0,0,0
15.777 2 NAVIGATION 4 5 0. 0. 0. 0. 0 0
15.793 2 GPS 0 0 0 0 0 0 0 0 0 0 1
15.795 2 ESTIMATOR 0. 0.
15.798 2 IR_SENSORS 511 -449 -960 62 511
15.845 2 DESIRED 0. 0. 0. 0. 0. 50. 0. 18.
15.875 2 ACTUATORS 0,1500,1500,0,1500,0,0,1500
15.893 2 GPS 0 0 0 0 0 0 0 0 0 0 1
15.895 2 ESTIMATOR 0. 0.
15.899 2 ATTITUDE 0.095989 0. -1.317619
15.957 2 DOWNLINK_STATUS 16 15259 696 0 970. 45. 5.22
15.993 2 GPS 0 0 0 0 0 0 0 0 0 0 1
15.995 2 ESTIMATOR 0. 0.
15.999 2 WP_MOVED 0 374931. 4223100. 75. 18
16.025 2 NAVIGATION 4 5 0. 0. 0. 0. 0 0
16.027 2 COMMANDS 0,0,0,0
16.093 2 GPS 0 0 0 0 0 0 0 0 0 0 1
16.095 2 ESTIMATOR 0. 0.
16.125 2 ACTUATORS 0,1500,1500,0,1500,0,0,1500
16.193 2 GPS 0 0 0 0 0 0 0 0 0 0 1
16.195 2 ESTIMATOR 0. 0.
16.273 2 COMMANDS 0,0,0,0
16.277 2 NAVIGATION 4 5 0. 0. 0. 0. 0 0
16.293 2 GPS 0 0 0 0 0 0 0 0 0 0 1
16.295 2 ESTIMATOR 0. 0.
16.375 2 ACTUATORS 0,1500,1500,0,1500,0,0,1500
16.393 2 GPS 0 0 0 0 0 0 0 0 0 0 1
16.395 2 ESTIMATOR 0. 0.
16.399 2 ATTITUDE 0.095989 0. -1.317619
16.493 2 GPS 0 0 0 0 0 0 0 0 0 0 1
16.495 2 ESTIMATOR 0. 0.
16.499 2 WP_MOVED 1 374889. 4223058. 75. 18
16.501 2 DL_VALUE 26 0.
16.523 2 COMMANDS 0,0,0,0
16.527 2 NAVIGATION 4 5 0. 0. 0. 0. 0 0
16.573 2 FBW_STATUS 0 0 0 362 0 2478
16.593 2 GPS 0 0 0 0 0 0 0 0 0 0 1
16.595 2 ESTIMATOR 0. 0.
16.599 2 NAVIGATION 4 5 0. 0. 0. 0. 0 0
16.625 2 ACTUATORS 0,1500,1500,0,1500,0,0,1500
16.693 2 GPS 0 0 0 0 0 0 0 0 0 0 1
16.695 2 ESTIMATOR 0. 0.
16.699 2 BAT 0 362 1023 0 0 0 10 0 0
16.775 2 NAVIGATION 4 5 0. 0. 0. 0. 0 0
16.777 2 COMMANDS 0,0,0,0
16.793 2 GPS 0 0 0 0 0 0 0 0 0 0 1
16.795 2 ESTIMATOR 0. 0.
16.875 2 ACTUATORS 0,1500,1500,0,1500,0,0,1500
16.893 2 GPS 0 0 0 0 0 0 0 0 0 0 1
16.895 2 ESTIMATOR 0. 0.
16.899 2 ATTITUDE 0.095989 0. -1.317619
16.905 2 DESIRED 0. 0. 0. 0. 0. 50. 0. 18.
16.957 2 DOWNLINK_STATUS 17 16176 737 0 917. 41. 5.22
16.993 2 GPS 0 0 0 0 0 0 0 0 0 0 1
16.995 2 ESTIMATOR 0. 0.
16.999 2 WP_MOVED 0 374931. 4223100. 75. 18
17.001 2 IR_SENSORS 511 -449 -960 62 511
17.023 2 COMMANDS 0,0,0,0
17.027 2 NAVIGATION 4 5 0. 0. 0. 0. 0 0
17.093 2 GPS 0 0 0 0 0 0 0 0 0 0 1
17.095 2 ESTIMATOR 0. 0.
17.125 2 ACTUATORS 0,1500,1500,0,1500,0,0,1500
17.193 2 GPS 0 0 0 0 0 0 0 0 0 0 1
17.195 2 ESTIMATOR 0. 0.
17.273 2 COMMANDS 0,0,0,0
17.277 2 NAVIGATION 4 5 0. 0. 0. 0. 0 0
17.293 2 GPS 0 0 0 0 0 0 0 0 0 0 1
17.295 2 ESTIMATOR 0. 0.
17.375 2 ACTUATORS 0,1500,1500,0,1500,0,0,1500
17.393 2 GPS 0 0 0 0 0 0 0 0 0 0 1
17.395 2 ESTIMATOR 0. 0.
17.399 2 ATTITUDE 0.095989 0. -1.317619
17.493 2 GPS 0 0 0 0 0 0 0 0 0 0 1
17.495 2 ESTIMATOR 0. 0.
17.499 2 WP_MOVED 1 374889. 4223058. 75. 18
17.523 2 COMMANDS 0,0,0,0
17.527 2 NAVIGATION 4 5 0. 0. 0. 0. 0 0
17.594 2 GPS 0 0 0 0 0 0 0 0 0 0 1
17.595 2 ESTIMATOR 0. 0.
17.599 2 NAVIGATION 4 5 0. 0. 0. 0. 0 0
17.603 2 GPS_SOL 0 0 0 0
17.605 2 CALIBRATION 0. 0
17.625 2 ACTUATORS 0,1500,1500,0,1500,0,0,1500
17.693 2 GPS 0 0 0 0 0 0 0 0 0 0 1
17.695 2 ESTIMATOR 0. 0.
17.773 2 COMMANDS 0,0,0,0
17.777 2 NAVIGATION 4 5 0. 0. 0. 0. 0 0
17.793 2 GPS 0 0 0 0 0 0 0 0 0 0 1
17.795 2 ESTIMATOR 0. 0.
17.799 2 BAT 0 362 1023 0 0 0 11 0 0
17.875 2 ACTUATORS 0,1500,1500,0,1500,0,0,1500
17.893 2 GPS 0 0 0 0 0 0 0 0 0 0 1
17.895 2 ESTIMATOR 0. 0.
17.898 2 ATTITUDE 0.095989 0. -1.317619
17.901 2 ENERGY 36.200001 0. 0 0.
17.943 2 DESIRED 0. 0. 0. 0. 0. 50. 0. 18.
17.959 2 DOWNLINK_STATUS 18 17129 780 0 953. 43. 5.22
17.993 2 GPS 0 0 0 0 0 0 0 0 0 0 1
17.995 2 ESTIMATOR 0. 0.
17.999 2 WP_MOVED 0 374931. 4223100. 75. 18
18.001 2 DL_VALUE 27 1.
18.005 2 ALIVE 218,215,25,174,53,27,143,182,204,97,139,231,109,88,2,177
18.025 2 NAVIGATION 4 5 0. 0. 0. 0. 0 0
18.027 2 COMMANDS 0,0,0,0
18.093 2 GPS 0 0 0 0 0 0 0 0 0 0 1
18.095 2 ESTIMATOR 0. 0.
18.097 2 PPRZ_MODE 1 0 0 0 0 17
18.123 2 ACTUATORS 0,1500,1500,0,1500,0,0,1500
18.193 2 GPS 0 0 0 0 0 0 0 0 0 0 1
18.195 2 ESTIMATOR 0. 0.
18.197 2 IR_SENSORS 511 -449 -960 62 511
18.273 2 COMMANDS 0,0,0,0
18.277 2 NAVIGATION 4 5 0. 0. 0. 0. 0 0
18.293 2 GPS 0 0 0 0 0 0 0 0 0 0 1
18.295 2 ESTIMATOR 0. 0.
18.297 2 STATE_FILTER_STATUS 3 1533
18.406 2 ACTUATORS 0,1500,1500,0,1500,0,0,1500
18.407 2 GPS 0 0 0 0 0 0 0 0 0 0 1
18.407 2 ESTIMATOR 0. 0.
18.407 2 ATTITUDE 0.095989 0. -1.317619
18.494 2 GPS 0 0 0 0 0 0 0 0 0 0 1
18.495 2 ESTIMATOR 0. 0.
18.499 2 WP_MOVED 1 374889. 4223058. 75. 18
18.523 2 COMMANDS 0,0,0,0
18.528 2 NAVIGATION 4 5 0. 0. 0. 0. 0 0
18.573 2 FBW_STATUS 0 0 0 362 0 2598
18.593 2 GPS 0 0 0 0 0 0 0 0 0 0 1
18.595 2 ESTIMATOR 0. 0.
18.599 2 NAVIGATION 4 5 0. 0. 0. 0. 0 0
18.624 2 ACTUATORS 0,1500,1500,0,1500,0,0,1500
18.693 2 GPS 0 0 0 0 0 0 0 0 0 0 1
18.696 2 ESTIMATOR 0. 0.
18.773 2 COMMANDS 0,0,0,0
18.777 2 NAVIGATION 4 5 0. 0. 0. 0. 0 0
18.794 2 GPS 0 0 0 0 0 0 0 0 0 0 1
18.796 2 ESTIMATOR 0. 0.
18.873 2 ACTUATORS 0,1500,1500,0,1500,0,0,1500
18.893 2 GPS 0 0 0 0 0 0 0 0 0 0 1
18.895 2 ESTIMATOR 0. 0.
18.899 2 ATTITUDE 0.095989 0. -1.317619
18.902 2 BAT 0 362 1023 0 0 0 12 0 0
18.959 2 DOWNLINK_STATUS 19 18068 824 0 939. 44. 5.22
18.994 2 GPS 0 0 0 0 0 0 0 0 0 0 1
18.996 2 ESTIMATOR 0. 0.
19.000 2 WP_MOVED 0 374931. 4223100. 75. 18
19.006 2 DESIRED 0. 0. 0. 0. 0. 50. 0. 18.
19.025 2 NAVIGATION 4 5 0. 0. 0. 0. 0 0
19.027 2 COMMANDS 0,0,0,0
19.094 2 GPS 0 0 0 0 0 0 0 0 0 0 1
19.096 2 ESTIMATOR 0. 0.
19.125 2 ACTUATORS 0,1500,1500,0,1500,0,0,1500
19.194 2 GPS 0 0 0 0 0 0 0 0 0 0 1
19.195 2 ESTIMATOR 0. 0.
19.197 2 DOWNLINK 1 948 1855
19.274 2 COMMANDS 0,0,0,0
19.277 2 NAVIGATION 4 5 0. 0. 0. 0. 0 0
19.294 2 GPS 0 0 0 0 0 0 0 0 0 0 1
19.296 2 ESTIMATOR 0. 0.
19.372 2 ACTUATORS 0,1500,1500,0,1500,0,0,1500
19.393 2 GPS 0 0 0 0 0 0 0 0 0 0 1
19.395 2 ESTIMATOR 0. 0.
19.398 2 ATTITUDE 0.095989 0. -1.317619
19.401 2 IR_SENSORS 511 -449 -960 62 511
19.493 2 GPS 0 0 0 0 0 0 0 0 0 0 1
19.495 2 ESTIMATOR 0. 0.
19.500 2 WP_MOVED 1 374889. 4223058. 75. 18
19.500 2 DL_VALUE 28 0.
19.523 2 COMMANDS 0,0,0,0
19.527 2 NAVIGATION 4 5 0. 0. 0. 0. 0 0
19.593 2 GPS 0 0 0 0 0 0 0 0 0 0 1
19.595 2 ESTIMATOR 0. 0.
19.599 2 NAVIGATION 4 5 0. 0. 0. 0. 0 0
19.603 2 GPS_SOL 0 0 0 0
19.624 2 ACTUATORS 0,1500,1500,0,1500,0,0,1500
19.693 2 GPS 0 0 0 0 0 0 0 0 0 0 1
19.694 2 ESTIMATOR 0. 0.
19.697 2 CALIBRATION 0. 0
19.775 2 NAVIGATION 4 5 0. 0. 0. 0. 0 0
19.777 2 COMMANDS 0,0,0,0
19.793 2 GPS 0 0 0 0 0 0 0 0 0 0 1
19.794 2 ESTIMATOR 0. 0.
19.873 2 ACTUATORS 0,1500,1500,0,1500,0,0,1500
19.893 2 GPS 0 0 0 0 0 0 0 0 0 0 1
19.895 2 ESTIMATOR 0. 0.
19.899 2 ATTITUDE 0.095989 0. -1.317619
19.960 2 DOWNLINK_STATUS 20 19000 867 0 932. 43. 5.22
19.993 2 GPS 0 0 0 0 0 0 0 0 0 0 1
19.994 2 ESTIMATOR 0. 0.
19.999 2 WP_MOVED 0 374931. 4223100. 75. 18
20.003 2 BAT 0 362 1023 0 0 0 13 0 0
20.023 2 COMMANDS 0,0,0,0
20.027 2 NAVIGATION 4 5 0. 0. 0. 0. 0 0
20.043 2 DESIRED 0. 0. 0. 0. 0. 50. 0. 18.
20.093 2 GPS 0 0 0 0 0 0 0 0 0 0 1
20.095 2 ESTIMATOR 0. 0.
20.125 2 ACTUATORS 0,1500,1500,0,1500,0,0,1500
20.193 2 GPS 0 0 0 0 0 0 0 0 0 0 1
20.195 2 ESTIMATOR 0. 0.
20.272 2 COMMANDS 0,0,0,0
20.276 2 NAVIGATION 4 5 0. 0. 0. 0. 0 0
20.293 2 GPS 0 0 0 0 0 0 0 0 0 0 1
20.295 2 ESTIMATOR 0. 0.
20.379 2 ACTUATORS 0,1500,1500,0,1500,0,0,1500
20.393 2 GPS 0 0 0 0 0 0 0 0 0 0 1
20.397 2 ESTIMATOR 0. 0.
20.399 2 ATTITUDE 0.095989 0. -1.317619
20.401 2 ENERGY 36.200001 0. 0 0.
20.453 2 PONG 
20.493 2 GPS 0 0 0 0 0 0 0 0 0 0 1
20.495 2 ESTIMATOR 0. 0.
20.500 2 WP_MOVED 1 374889. 4223058. 75. 18
20.523 2 COMMANDS 0,0,0,0
20.529 2 NAVIGATION 4 5 0. 0. 0. 0. 0 0
20.573 2 FBW_STATUS 0 0 0 362 0 2718
20.593 2 GPS 0 0 0 0 0 0 0 0 0 0 1
20.594 2 ESTIMATOR 0. 0.
20.599 2 NAVIGATION 4 5 0. 0. 0. 0. 0 0
20.603 2 IR_SENSORS 511 -449 -960 62 511
20.625 2 ACTUATORS 0,1500,1500,0,1500,0,0,1500
20.694 2 GPS 0 0 0 0 0 0 0 0 0 0 1
20.695 2 ESTIMATOR 0. 0.
20.773 2 COMMANDS 0,0,0,0
20.778 2 NAVIGATION 4 5 0. 0. 0. 0. 0 0
20.793 2 GPS 0 0 0 0 0 0 0 0 0 0 1
20.796 2 ESTIMATOR 0. 0.
20.875 2 ACTUATORS 0,1500,1500,0,1500,0,0,1500
20.895 2 GPS 0 0 0 0 0 0 0 0 0 0 1
20.895 2 ESTIMATOR 0. 0.
20.898 2 ATTITUDE 0.095989 0. -1.317619
20.960 2 DOWNLINK_STATUS 21 19948 910 0 948. 43. 4.54
20.993 2 GPS 0 0 0 0 0 0 0 0 0 0 1
20.995 2 ESTIMATOR 0. 0.
21.000 2 WP_MOVED 0 374931. 4223100. 75. 18
21.001 2 DL_VALUE 29 0.
21.025 2 NAVIGATION 4 5 0. 0. 0. 0. 0 0
21.027 2 COMMANDS 0,0,0,0
21.093 2 GPS 0 0 0 0 0 0 0 0 0 0 1
21.095 2 ESTIMATOR 0. 0.
21.101 2 DESIRED 0. 0. 0. 0. 0. 50. 0. 18.
21.105 2 BAT 0 362 1023 0 0 0 14 0 0
21.123 2 ACTUATORS 0,1500,1500,0,1500,0,0,1500
21.193 2 GPS 0 0 0 0 0 0 0 0 0 0 1
21.195 2 ESTIMATOR 0. 0.
21.273 2 COMMANDS 0,0,0,0
21.277 2 NAVIGATION 4 5 0. 0. 0. 0. 0 0
21.293 2 GPS 0 0 0 0 0 0 0 0 0 0 1
21.295 2 ESTIMATOR 0. 0.
21.373 2 ACTUATORS 0,1500,1500,0,1500,0,0,1500
21.393 2 GPS 0 0 0 0 0 0 0 0 0 0 1
21.395 2 ESTIMATOR 0. 0.
21.397 2 ATTITUDE 0.095989 0. -1.317619
21.493 2 GPS 0 0 0 0 0 0 0 0 0 0 1
21.495 2 ESTIMATOR 0. 0.
21.499 2 WP_MOVED 1 374889. 4223058. 75. 18
21.523 2 COMMANDS 0,0,0,0
21.527 2 NAVIGATION 4 5 0. 0. 0. 0. 0 0
21.593 2 GPS 0 0 0 0 0 0 0 0 0 0 1
21.595 2 ESTIMATOR 0. 0.
21.599 2 NAVIGATION 4 5 0. 0. 0. 0. 0 0
21.603 2 GPS_SOL 0 0 0 0
21.623 2 ACTUATORS 0,1500,1500,0,1500,0,0,1500
21.693 2 GPS 0 0 0 0 0 0 0 0 0 0 1
21.695 2 ESTIMATOR 0. 0.
21.773 2 COMMANDS 0,0,0,0
21.777 2 NAVIGATION 4 5 0. 0. 0. 0. 0 0
21.793 2 GPS 0 0 0 0 0 0 0 0 0 0 1
21.795 2 ESTIMATOR 0. 0.
21.797 2 IR_SENSORS 511 -449 -960 62 511
21.799 2 CALIBRATION 0. 0
21.873 2 ACTUATORS 0,1500,1500,0,1500,0,0,1500
21.893 2 GPS 0 0 0 0 0 0 0 0 0 0 1
21.895 2 ESTIMATOR 0. 0.
21.897 2 ATTITUDE 0.095989 0. -1.317619
21.960 2 DOWNLINK_STATUS 22 20892 953 0 944. 43. 4.54
21.993 2 GPS 0 0 0 0 0 0 0 0 0 0 1
21.995 2 ESTIMATOR 0. 0.
21.999 2 WP_MOVED 0 374931. 4223100. 75. 18
22.023 2 COMMANDS 0,0,0,0
22.027 2 NAVIGATION 4 5 0. 0. 0. 0. 0 0
22.091 2 GPS 0 0 0 0 0 0 0 0 0 0 1
22.095 2 ESTIMATOR 0. 0.
22.123 2 ACTUATORS 0,1500,1500,0,1500,0,0,1500
22.143 2 DESIRED 0. 0. 0. 0. 0. 50. 0. 18.
22.193 2 GPS 0 0 0 0 0 0 0 0 0 0 1
22.195 2 ESTIMATOR 0. 0.
22.199 2 BAT 0 362 1023 0 0 0 15 0 0
22.273 2 COMMANDS 0,0,0,0
22.278 2 NAVIGATION 4 5 0. 0. 0. 0. 0 0
22.293 2 GPS 0 0 0 0 0 0 0 0 0 0 1
22.295 2 ESTIMATOR 0. 0.
22.374 2 ACTUATORS 0,1500,1500,0,1500,0,0,1500
22.393 2 GPS 0 0 0 0 0 0 0 0 0 0 1
22.395 2 ESTIMATOR 0. 0.
22.397 2 ATTITUDE 0.095989 0. -1.317619
22.494 2 GPS 0 0 0 0 0 0 0 0 0 0 1
22.495 2 ESTIMATOR 0. 0.
22.500 2 WP_MOVED 1 374889. 4223058. 75. 18
22.500 2 DL_VALUE 30 0.
22.523 2 COMMANDS 0,0,0,0
22.527 2 NAVIGATION 4 5 0. 0. 0. 0. 0 0
22.573 2 FBW_STATUS 0 0 0 362 0 2838
22.594 2 GPS 0 0 0 0 0 0 0 0 0 0 1
22.595 2 ESTIMATOR 0. 0.
22.600 2 NAVIGATION 4 5 0. 0. 0. 0. 0 0
22.623 2 ACTUATORS 0,1500,1500,0,1500,0,0,1500
22.693 2 GPS 0 0 0 0 0 0 0 0 0 0 1
22.695 2 ESTIMATOR 0. 0.
22.773 2 NAVIGATION 4 5 0. 0. 0. 0. 0 0
22.777 2 COMMANDS 0,0,0,0
22.793 2 GPS 0 0 0 0 0 0 0 0 0 0 1
22.795 2 ESTIMATOR 0. 0.
22.873 2 ACTUATORS 0,1500,1500,0,1500,0,0,1500
22.894 2 GPS 0 0 0 0 0 0 0 0 0 0 1
22.896 2 ESTIMATOR 0. 0.
22.898 2 ATTITUDE 0.095989 0. -1.317619
22.902 2 ENERGY 36.200001 0. 0 0.
22.961 2 DOWNLINK_STATUS 23 21829 995 0 937. 42. 4.54
22.991 2 GPS 0 0 0 0 0 0 0 0 0 0 1
22.996 2 ESTIMATOR 0. 0.
22.997 2 WP_MOVED 0 374931. 4223100. 75. 18
23.002 2 IR_SENSORS 511 -449 -960 62 511
23.005 2 ALIVE 218,215,25,174,53,27,143,182,204,97,139,231,109,88,2,177
23.021 2 COMMANDS 0,0,0,0
23.027 2 NAVIGATION 4 5 0. 0. 0. 0. 0 0
23.093 2 GPS 0 0 0 0 0 0 0 0 0 0 1
23.095 2 ESTIMATOR 0. 0.
23.097 2 PPRZ_MODE 1 0 0 0 0 17
23.123 2 ACTUATORS 0,1500,1500,0,1500,0,0,1500
23.191 2 GPS 0 0 0 0 0 0 0 0 0 0 1
23.195 2 ESTIMATOR 0. 0.
23.201 2 DESIRED 0. 0. 0. 0. 0. 50. 0. 18.
23.271 2 COMMANDS 0,0,0,0
23.278 2 NAVIGATION 4 5 0. 0. 0. 0. 0 0
23.290 2 GPS 0 0 0 0 0 0 0 0 0 0 1
23.294 2 ESTIMATOR 0. 0.
23.300 2 BAT 0 362 1023 0 0 0 17 0 0
23.300 2 STATE_FILTER_STATUS 3 1533
23.373 2 ACTUATORS 0,1500,1500,0,1500,0,0,1500
23.393 2 GPS 0 0 0 0 0 0 0 0 0 0 1
23.394 2 ESTIMATOR 0. 0.
23.397 2 ATTITUDE 0.095989 0. -1.317619
23.491 2 GPS 0 0 0 0 0 0 0 0 0 0 1
23.495 2 ESTIMATOR 0. 0.
23.497 2 WP_MOVED 1 374889. 4223058. 75. 18
23.501 2 NAVIGATION_REF 374889 4223058 18
23.521 2 COMMANDS 0,0,0,0
23.528 2 NAVIGATION 4 5 0. 0. 0. 0. 0 0
23.592 2 GPS 0 0 0 0 0 0 0 0 0 0 1
23.595 2 ESTIMATOR 0. 0.
23.600 2 NAVIGATION 4 5 0. 0. 0. 0. 0 0
23.602 2 GPS_SOL 0 0 0 0
23.624 2 ACTUATORS 0,1500,1500,0,1500,0,0,1500
23.691 2 GPS 0 0 0 0 0 0 0 0 0 0 1
23.694 2 ESTIMATOR 0. 0.
23.771 2 COMMANDS 0,0,0,0
23.777 2 NAVIGATION 4 5 0. 0. 0. 0. 0 0
23.791 2 GPS 0 0 0 0 0 0 0 0 0 0 1
23.794 2 ESTIMATOR 0. 0.
23.873 2 ACTUATORS 0,1500,1500,0,1500,0,0,1500
23.893 2 GPS 0 0 0 0 0 0 0 0 0 0 1
23.895 2 ESTIMATOR 0. 0.
23.897 2 ATTITUDE 0.095989 0. -1.317619
23.899 2 CALIBRATION 0. 0
23.963 2 DOWNLINK_STATUS 24 22821 1041 0 992. 46. 4.54
23.992 2 GPS 0 0 0 0 0 0 0 0 0 0 1
23.994 2 ESTIMATOR 0. 0.
23.999 2 WP_MOVED 0 374931. 4223100. 75. 18
24.000 2 DL_VALUE 0 0.
24.022 2 COMMANDS 0,0,0,0
24.026 2 NAVIGATION 4 5 0. 0. 0. 0. 0 0
24.092 2 GPS 0 0 0 0 0 0 0 0 0 0 1
24.094 2 ESTIMATOR 0. 0.
24.124 2 ACTUATORS 0,1500,1500,0,1500,0,0,1500
24.192 2 GPS 0 0 0 0 0 0 0 0 0 0 1
24.194 2 ESTIMATOR 0. 0.
24.198 2 IR_SENSORS 511 -449 -960 62 511
24.243 2 DESIRED 0. 0. 0. 0. 0. 50. 0. 18.
24.272 2 COMMANDS 0,0,0,0
24.276 2 NAVIGATION 4 5 0. 0. 0. 0. 0 0
24.292 2 GPS 0 0 0 0 0 0 0 0 0 0 1
24.293 2 ESTIMATOR 0. 0.
24.295 2 DOWNLINK 1 954 2078
24.374 2 ACTUATORS 0,1500,1500,0,1500,0,0,1500
24.392 2 GPS 0 0 0 0 0 0 0 0 0 0 1
24.394 2 ESTIMATOR 0. 0.
24.398 2 ATTITUDE 0.095989 0. -1.317619
24.402 2 BAT 0 362 1023 0 0 0 18 0 0
24.492 2 GPS 0 0 0 0 0 0 0 0 0 0 1
24.494 2 ESTIMATOR 0. 0.
24.498 2 WP_MOVED 1 374889. 4223058. 75. 18
24.522 2 COMMANDS 0,0,0,0
24.526 2 NAVIGATION 4 5 0. 0. 0. 0. 0 0
24.572 2 FBW_STATUS 0 0 0 362 0 2958
24.592 2 GPS 0 0 0 0 0 0 0 0 0 0 1
24.594 2 ESTIMATOR 0. 0.
24.598 2 NAVIGATION 4 5 0. 0. 0. 0. 0 0
24.624 2 ACTUATORS 0,1500,1500,0,1500,0,0,1500
24.692 2 GPS 0 0 0 0 0 0 0 0 0 0 1
24.694 2 ESTIMATOR 0. 0.
24.772 2 COMMANDS 0,0,0,0
24.776 2 NAVIGATION 4 5 0. 0. 0. 0. 0 0
24.792 2 GPS 0 0 0 0 0 0 0 0 0 0 1
24.794 2 ESTIMATOR 0. 0.
24.874 2 ACTUATORS 0,1500,1500,0,1500,0,0,1500
24.892 2 GPS 0 0 0 0 0 0 0 0 0 0 1
24.894 2 ESTIMATOR 0. 0.
24.898 2 ATTITUDE 0.095989 0. -1.317619
24.964 2 DOWNLINK_STATUS 25 23765 1084 0 944. 43. 4.54
24.992 2 GPS 0 0 0 0 0 0 0 0 0 0 1
24.994 2 ESTIMATOR 0. 0.
24.998 2 WP_MOVED 0 374931. 4223100. 75. 18
25.022 2 COMMANDS 0,0,0,0
25.026 2 NAVIGATION 4 5 0. 0. 0. 0. 0 0
25.092 2 GPS 0 0 0 0 0 0 0 0 0 0 1
25.094 2 ESTIMATOR 0. 0.
25.124 2 ACTUATORS 0,1500,1500,0,1500,0,0,1500
25.192 2 GPS 0 0 0 0 0 0 0 0 0 0 1
25.194 2 ESTIMATOR 0. 0.
25.274 2 NAVIGATION 4 5 0. 0. 0. 0. 0 0
25.276 2 COMMANDS 0,0,0,0
25.292 2 GPS 0 0 0 0 0 0 0 0 0 0 1
25.294 2 ESTIMATOR 0. 0.
25.300 2 DESIRED 0. 0. 0. 0. 0. 50. 0. 18.
25.374 2 ACTUATORS 0,1500,1500,0,1500,0,0,1500
25.392 2 GPS 0 0 0 0 0 0 0 0 0 0 1
25.394 2 ESTIMATOR 0. 0.
25.398 2 ATTITUDE 0.095989 0. -1.317619
25.400 2 IR_SENSORS 511 -449 -960 62 511
25.404 2 ENERGY 36.200001 0. 0 0.
25.456 2 PONG 
25.492 2 GPS 0 0 0 0 0 0 0 0 0 0 1
25.494 2 ESTIMATOR 0. 0.
25.498 2 WP_MOVED 1 374889. 4223058. 75. 18
25.502 2 BAT 0 362 1023 0 0 0 19 0 0
25.505 2 DL_VALUE 1 0.
25.522 2 COMMANDS 0,0,0,0
25.526 2 NAVIGATION 4 5 0. 0. 0. 0. 0 0
25.592 2 GPS 0 0 0 0 0 0 0 0 0 0 1
25.594 2 ESTIMATOR 0. 0.
25.598 2 NAVIGATION 4 5 0. 0. 0. 0. 0 0
25.602 2 GPS_SOL 0 0 0 0
25.624 2 ACTUATORS 0,1500,1500,0,1500,0,0,1500
25.692 2 GPS 0 0 0 0 0 0 0 0 0 0 1
25.694 2 ESTIMATOR 0. 0.
25.772 2 COMMANDS 0,0,0,0
25.776 2 NAVIGATION 4 5 0. 0. 0. 0. 0 0
25.792 2 GPS 0 0 0 0 0 0 0 0 0 0 1
25.794 2 ESTIMATOR 0. 0.
25.874 2 ACTUATORS 0,1500,1500,0,1500,0,0,1500
25.892 2 GPS 0 0 0 0 0 0 0 0 0 0 1
25.894 2 ESTIMATOR 0. 0.
25.898 2 ATTITUDE 0.095989 0. -1.317619
25.966 2 DOWNLINK_STATUS 26 24724 1128 0 959. 44. 6.04
25.992 2 GPS 0 0 0 0 0 0 0 0 0 0 1
25.994 2 ESTIMATOR 0. 0.
25.998 2 WP_MOVED 0 374931. 4223100. 75. 18
26.000 2 CALIBRATION 0. 0
26.022 2 COMMANDS 0,0,0,0
26.026 2 NAVIGATION 4 5 0. 0. 0. 0. 0 0
26.092 2 GPS 0 0 0 0 0 0 0 0 0 0 1
26.094 2 ESTIMATOR 0. 0.
26.124 2 ACTUATORS 0,1500,1500,0,1500,0,0,1500
26.192 2 GPS 0 0 0 0 0 0 0 0 0 0 1
26.194 2 ESTIMATOR 0. 0.
26.272 2 COMMANDS 0,0,0,0
26.276 2 NAVIGATION 4 5 0. 0. 0. 0. 0 0
26.292 2 GPS 0 0 0 0 0 0 0 0 0 0 1
26.294 2 ESTIMATOR 0. 0.
26.342 2 DESIRED 0. 0. 0. 0. 0. 50. 0. 18.
26.375 2 ACTUATORS 0,1500,1500,0,1500,0,0,1500
26.392 2 GPS 0 0 0 0 0 0 0 0 0 0 1
26.394 2 ESTIMATOR 0. 0.
26.399 2 ATTITUDE 0.095989 0. -1.317619
26.493 2 GPS 0 0 0 0 0 0 0 0 0 0 1
26.494 2 ESTIMATOR 0. 0.
26.498 2 WP_MOVED 1 374889. 4223058. 75. 18
26.522 2 COMMANDS 0,0,0,0
26.526 2 NAVIGATION 4 5 0. 0. 0. 0. 0 0
26.572 2 FBW_STATUS 0 0 0 362 0 3078
26.592 2 GPS 0 0 0 0 0 0 0 0 0 0 1
26.594 2 ESTIMATOR 0. 0.
26.598 2 NAVIGATION 4 5 0. 0. 0. 0. 0 0
26.602 2 BAT 0 362 1023 0 0 0 20 0 0
26.606 2 IR_SENSORS 511 -449 -960 62 511
26.624 2 ACTUATORS 0,1500,1500,0,1500,0,0,1500
26.693 2 GPS 0 0 0 0 0 0 0 0 0 0 1
26.694 2 ESTIMATOR 0. 0.
26.773 2 COMMANDS 0,0,0,0
26.777 2 NAVIGATION 4 5 0. 0. 0. 0. 0 0
26.792 2 GPS 0 0 0 0 0 0 0 0 0 0 1
26.794 2 ESTIMATOR 0. 0.
26.875 2 ACTUATORS 0,1500,1500,0,1500,0,0,1500
26.892 2 GPS 0 0 0 0 0 0 0 0 0 0 1
26.894 2 ESTIMATOR 0. 0.
26.898 2 ATTITUDE 0.095989 0. -1.317619
26.966 2 DOWNLINK_STATUS 27 25657 1170 0 933. 42. 6.04
26.992 2 GPS 0 0 0 0 0 0 0 0 0 0 1
26.994 2 ESTIMATOR 0. 0.
26.998 2 WP_MOVED 0 374931. 4223100. 75. 18
27.001 2 DL_VALUE 2 4486.
27.024 2 NAVIGATION 4 5 0. 0. 0. 0. 0 0
27.026 2 COMMANDS 0,0,0,0
27.092 2 GPS 0 0 0 0 0 0 0 0 0 0 1
27.094 2 ESTIMATOR 0. 0.
27.124 2 ACTUATORS 0,1500,1500,0,1500,0,0,1500
27.192 2 GPS 0 0 0 0 0 0 0 0 0 0 1
27.194 2 ESTIMATOR 0. 0.
27.272 2 COMMANDS 0,0,0,0
27.276 2 NAVIGATION 4 5 0. 0. 0. 0. 0 0
27.293 2 GPS 0 0 0 0 0 0 0 0 0 0 1
27.295 2 ESTIMATOR 0. 0.
27.373 2 ACTUATORS 0,1500,1500,0,1500,0,0,1500
27.392 2 GPS 0 0 0 0 0 0 0 0 0 0 1
27.394 2 ESTIMATOR 0. 0.
27.398 2 ATTITUDE 0.095989 0. -1.317619
27.405 2 DESIRED 0. 0. 0. 0. 0. 50. 0. 18.
27.493 2 GPS 0 0 0 0 0 0 0 0 0 0 1
27.494 2 ESTIMATOR 0. 0.
27.498 2 WP_MOVED 1 374889. 4223058. 75. 18
27.523 2 COMMANDS 0,0,0,0
27.526 2 NAVIGATION 4 5 0. 0. 0. 0. 0 0
27.593 2 GPS 0 0 0 0 0 0 0 0 0 0 1
27.594 2 ESTIMATOR 0. 0.
27.599 2 NAVIGATION 4 5 0. 0. 0. 0. 0 0
27.603 2 GPS_SOL 0 0 0 0
27.622 2 ACTUATORS 0,1500,1500,0,1500,0,0,1500
27.692 2 GPS 0 0 0 0 0 0 0 0 0 0 1
27.694 2 ESTIMATOR 0. 0.
27.698 2 BAT 0 362 1023 0 0 0 21 0 0
27.773 2 NAVIGATION 4 5 0. 0. 0. 0. 0 0
27.777 2 COMMANDS 0,0,0,0
27.790 2 GPS 0 0 0 0 0 0 0 0 0 0 1
27.795 2 ESTIMATOR 0. 0.
27.797 2 IR_SENSORS 511 -449 -960 62 511
27.873 2 ACTUATORS 0,1500,1500,0,1500,0,0,1500
27.891 2 GPS 0 0 0 0 0 0 0 0 0 0 1
27.895 2 ESTIMATOR 0. 0.
27.897 2 ATTITUDE 0.095989 0. -1.317619
27.901 2 ENERGY 36.200001 0. 0 0.
27.968 2 DOWNLINK_STATUS 28 26610 1213 0 953. 43. 6.04
27.991 2 GPS 0 0 0 0 0 0 0 0 0 0 1
27.995 2 ESTIMATOR 0. 0.
27.997 2 WP_MOVED 0 374931. 4223100. 75. 18
28.001 2 ALIVE 218,215,25,174,53,27,143,182,204,97,139,231,109,88,2,177
28.023 2 COMMANDS 0,0,0,0
28.027 2 NAVIGATION 4 5 0. 0. 0. 0. 0 0
28.091 2 GPS 0 0 0 0 0 0 0 0 0 0 1
28.095 2 ESTIMATOR 0. 0.
28.097 2 CALIBRATION 0. 0
28.099 2 PPRZ_MODE 1 0 0 0 0 17
28.123 2 ACTUATORS 0,1500,1500,0,1500,0,0,1500
28.191 2 GPS 0 0 0 0 0 0 0 0 0 0 1
28.195 2 ESTIMATOR 0. 0.
28.271 2 COMMANDS 0,0,0,0
28.277 2 NAVIGATION 4 5 0. 0. 0. 0. 0 0
28.291 2 GPS 0 0 0 0 0 0 0 0 0 0 1
28.295 2 ESTIMATOR 0. 0.
28.295 2 STATE_FILTER_STATUS 3 1533
28.373 2 ACTUATORS 0,1500,1500,0,1500,0,0,1500
28.391 2 GPS 0 0 0 0 0 0 0 0 0 0 1
28.395 2 ESTIMATOR 0. 0.
28.397 2 ATTITUDE 0.095989 0. -1.317619
28.443 2 DESIRED 0. 0. 0. 0. 0. 50. 0. 18.
28.491 2 GPS 0 0 0 0 0 0 0 0 0 0 1
28.495 2 ESTIMATOR 0. 0.
28.497 2 WP_MOVED 1 374889. 4223058. 75. 18
28.500 2 DL_VALUE 3 0.
28.521 2 COMMANDS 0,0,0,0
28.527 2 NAVIGATION 4 5 0. 0. 0. 0. 0 0
28.573 2 FBW_STATUS 0 0 0 362 0 3198
28.591 2 GPS 0 0 0 0 0 0 0 0 0 0 1
28.595 2 ESTIMATOR 0. 0.
28.599 2 NAVIGATION 4 5 0. 0. 0. 0. 0 0
28.623 2 ACTUATORS 0,1500,1500,0,1500,0,0,1500
28.691 2 GPS 0 0 0 0 0 0 0 0 0 0 1
28.695 2 ESTIMATOR 0. 0.
28.771 2 COMMANDS 0,0,0,0
28.776 2 NAVIGATION 4 5 0. 0. 0. 0. 0 0
28.791 2 GPS 0 0 0 0 0 0 0 0 0 0 1
28.795 2 ESTIMATOR 0. 0.
28.799 2 BAT 0 362 1023 0 0 0 22 0 0
28.873 2 ACTUATORS 0,1500,1500,0,1500,0,0,1500
28.891 2 GPS 0 0 0 0 0 0 0 0 0 0 1
28.895 2 ESTIMATOR 0. 0.
28.897 2 ATTITUDE 0.095989 0. -1.317619
28.968 2 DOWNLINK_STATUS 29 27582 1258 0 972. 45. 6.04
28.991 2 GPS 0 0 0 0 0 0 0 0 0 0 1
28.995 2 ESTIMATOR 0. 0.
28.997 2 WP_MOVED 0 374931. 4223100. 75. 18
29.001 2 IR_SENSORS 511 -449 -960 62 511
29.023 2 NAVIGATION 4 5 0. 0. 0. 0. 0 0
29.027 2 COMMANDS 0,0,0,0
29.091 2 GPS 0 0 0 0 0 0 0 0 0 0 1
29.095 2 ESTIMATOR 0. 0.
29.123 2 ACTUATORS 0,1500,1500,0,1500,0,0,1500
29.191 2 GPS 0 0 0 0 0 0 0 0 0 0 1
29.195 2 ESTIMATOR 0. 0.
29.271 2 COMMANDS 0,0,0,0
29.277 2 NAVIGATION 4 5 0. 0. 0. 0. 0 0
29.291 2 GPS 0 0 0 0 0 0 0 0 0 0 1
29.295 2 ESTIMATOR 0. 0.
29.373 2 ACTUATORS 0,1500,1500,0,1500,0,0,1500
29.391 2 GPS 0 0 0 0 0 0 0 0 0 0 1
29.393 2 ESTIMATOR 0. 0.
29.397 2 ATTITUDE 0.095989 0. -1.317619
29.399 2 DOWNLINK 1 941 2297
29.491 2 GPS 0 0 0 0 0 0 0 0 0 0 1
29.493 2 ESTIMATOR 0. 0.
29.497 2 WP_MOVED 1 374889. 4223058. 75. 18
29.503 2 DESIRED 0. 0. 0. 0. 0. 50. 0. 18.
29.523 2 NAVIGATION 4 5 0. 0. 0. 0. 0 0
29.527 2 COMMANDS 0,0,0,0
29.591 2 GPS 0 0 0 0 0 0 0 0 0 0 1
29.595 2 ESTIMATOR 0. 0.
29.599 2 NAVIGATION 4 5 0. 0. 0. 0. 0 0
29.601 2 GPS_SOL 0 0 0 0
29.623 2 ACTUATORS 0,1500,1500,0,1500,0,0,1500
29.691 2 GPS 0 0 0 0 0 0 0 0 0 0 1
29.693 2 ESTIMATOR 0. 0.
29.771 2 COMMANDS 0,0,0,0
29.775 2 NAVIGATION 4 5 0. 0. 0. 0. 0 0
29.791 2 GPS 0 0 0 0 0 0 0 0 0 0 1
29.793 2 ESTIMATOR 0. 0.
29.873 2 ACTUATORS 0,1500,1500,0,1500,0,0,1500
29.891 2 GPS 0 0 0 0 0 0 0 0 0 0 1
29.893 2 ESTIMATOR 0. 0.
29.897 2 ATTITUDE 0.095989 0. -1.317619
29.901 2 BAT 0 362 1023 0 0 0 23 0 0
29.970 2 DOWNLINK_STATUS 30 28515 1300 0 933. 42. 6.04
29.991 2 GPS 0 0 0 0 0 0 0 0 0 0 1
29.993 2 ESTIMATOR 0. 0.
29.997 2 WP_MOVED 0 374931. 4223100. 75. 18
29.999 2 DL_VALUE 4 0.
30.021 2 COMMANDS 0,0,0,0
30.025 2 NAVIGATION 4 5 0. 0. 0. 0. 0 0
30.091 2 GPS 0 0 0 0 0 0 0 0 0 0 1
30.093 2 ESTIMATOR 0. 0.
30.123 2 ACTUATORS 0,1500,1500,0,1500,0,0,1500
30.192 2 GPS 0 0 0 0 0 0 0 0 0 0 1
30.193 2 ESTIMATOR 0. 0.
30.197 2 IR_SENSORS 511 -449 -960 62 511
30.199 2 CALIBRATION 0. 0
30.272 2 COMMANDS 0,0,0,0
30.276 2 NAVIGATION 4 5 0. 0. 0. 0. 0 0
30.291 2 GPS 0 0 0 0 0 0 0 0 0 0 1
30.293 2 ESTIMATOR 0. 0.
30.373 2 ACTUATORS 0,1500,1500,0,1500,0,0,1500
30.391 2 GPS 0 0 0 0 0 0 0 0 0 0 1
30.393 2 ESTIMATOR 0. 0.
30.397 2 ATTITUDE 0.095989 0. -1.317619
30.401 2 ENERGY 36.200001 0. 0 0.
30.457 2 PONG 
30.491 2 GPS 0 0 0 0 0 0 0 0 0 0 1
30.493 2 ESTIMATOR 0. 0.
30.497 2 WP_MOVED 1 374889. 4223058. 75. 18
30.521 2 COMMANDS 0,0,0,0
30.527 2 NAVIGATION 4 5 0. 0. 0. 0. 0 0
30.544 2 DESIRED 0. 0. 0. 0. 0. 50. 0. 18.
30.572 2 FBW_STATUS 0 0 0 362 0 3318
30.591 2 GPS 0 0 0 0 0 0 0 0 0 0 1
30.593 2 ESTIMATOR 0. 0.
30.598 2 NAVIGATION 4 5 0. 0. 0. 0. 0 0
30.623 2 ACTUATORS 0,1500,1500,0,1500,0,0,1500
30.692 2 GPS 0 0 0 0 0 0 0 0 0 0 1
30.693 2 ESTIMATOR 0. 0.
30.772 2 COMMANDS 0,0,0,0
30.776 2 NAVIGATION 4 5 0. 0. 0. 0. 0 0
30.791 2 GPS 0 0 0 0 0 0 0 0 0 0 1
30.793 2 ESTIMATOR 0. 0.
30.873 2 ACTUATORS 0,1500,1500,0,1500,0,0,1500
30.892 2 GPS 0 0 0 0 0 0 0 0 0 0 1
30.894 2 ESTIMATOR 0. 0.
30.898 2 ATTITUDE 0.095989 0. -1.317619
30.970 2 DOWNLINK_STATUS 31 29462 1344 0 947. 44. 6.33
30.992 2 GPS 0 0 0 0 0 0 0 0 0 0 1
30.993 2 ESTIMATOR 0. 0.
30.997 2 WP_MOVED 0 374931. 4223100. 75. 18
31.001 2 BAT 0 362 1023 0 0 0 24 0 0
31.022 2 COMMANDS 0,0,0,0
31.025 2 NAVIGATION 4 5 0. 0. 0. 0. 0 0
31.092 2 GPS 0 0 0 0 0 0 0 0 0 0 1
31.094 2 ESTIMATOR 0. 0.
31.124 2 ACTUATORS 0,1500,1500,0,1500,0,0,1500
31.191 2 GPS 0 0 0 0 0 0 0 0 0 0 1
31.193 2 ESTIMATOR 0. 0.
31.272 2 COMMANDS 0,0,0,0
31.276 2 NAVIGATION 4 5 0. 0. 0. 0. 0 0
31.292 2 GPS 0 0 0 0 0 0 0 0 0 0 1
31.294 2 ESTIMATOR 0. 0.
31.373 2 ACTUATORS 0,1500,1500,0,1500,0,0,1500
31.393 2 GPS 0 0 0 0 0 0 0 0 0 0 1
31.395 2 ESTIMATOR 0. 0.
31.396 2 ATTITUDE 0.095989 0. -1.317619
31.400 2 IR_SENSORS 511 -449 -960 62 511
31.491 2 GPS 0 0 0 0 0 0 0 0 0 0 1
31.495 2 ESTIMATOR 0. 0.
31.499 2 WP_MOVED 1 374889. 4223058. 75. 18
31.499 2 DL_VALUE 5 8000.
31.523 2 COMMANDS 0,0,0,0
31.526 2 NAVIGATION 4 5 0. 0. 0. 0. 0 0
31.591 2 GPS 0 0 0 0 0 0 0 0 0 0 1
31.594 2 ESTIMATOR 0. 0.
31.598 2 NAVIGATION 4 5 0. 0. 0. 0. 0 0
31.605 2 DESIRED 0. 0. 0. 0. 0. 50. 0. 18.
31.608 2 GPS_SOL 0 0 0 0
31.622 2 ACTUATORS 0,1500,1500,0,1500,0,0,1500
31.691 2 GPS 0 0 0 0 0 0 0 0 0 0 1
31.694 2 ESTIMATOR 0. 0.
31.771 2 COMMANDS 0,0,0,0
31.775 2 NAVIGATION 4 5 0. 0. 0. 0. 0 0
31.791 2 GPS 0 0 0 0 0 0 0 0 0 0 1
31.793 2 ESTIMATOR 0. 0.
31.873 2 ACTUATORS 0,1500,1500,0,1500,0,0,1500
31.891 2 GPS 0 0 0 0 0 0 0 0 0 0 1
31.893 2 ESTIMATOR 0. 0.
31.898 2 ATTITUDE 0.095989 0. -1.317619
31.971 2 DOWNLINK_STATUS 32 30395 1386 0 933. 42. 6.33
31.991 2 GPS 0 0 0 0 0 0 0 0 0 0 1
31.993 2 ESTIMATOR 0. 0.
31.997 2 WP_MOVED 0 374931. 4223100. 75. 18
32.023 2 NAVIGATION 4 5 0. 0. 0. 0. 0 0
32.025 2 COMMANDS 0,0,0,0
32.091 2 GPS 0 0 0 0 0 0 0 0 0 0 1
32.093 2 ESTIMATOR 0. 0.
32.097 2 BAT 0 362 1023 0 0 0 25 0 0
32.123 2 ACTUATORS 0,1500,1500,0,1500,0,0,1500
32.192 2 GPS 0 0 0 0 0 0 0 0 0 0 1
32.192 2 ESTIMATOR 0. 0.
32.271 2 COMMANDS 0,0,0,0
32.275 2 NAVIGATION 4 5 0. 0. 0. 0. 0 0
32.291 2 GPS 0 0 0 0 0 0 0 0 0 0 1
32.293 2 ESTIMATOR 0. 0.
32.295 2 CALIBRATION 0. 0
32.373 2 ACTUATORS 0,1500,1500,0,1500,0,0,1500
32.391 2 GPS 0 0 0 0 0 0 0 0 0 0 1
32.393 2 ESTIMATOR 0. 0.
32.397 2 ATTITUDE 0.095989 0. -1.317619
32.491 2 GPS 0 0 0 0 0 0 0 0 0 0 1
32.493 2 ESTIMATOR 0. 0.
32.497 2 WP_MOVED 1 374889. 4223058. 75. 18
32.499 2 NAVIGATION_REF 374889 4223058 18
32.521 2 COMMANDS 0,0,0,0
32.525 2 NAVIGATION 4 5 0. 0. 0. 0. 0 0
32.571 2 FBW_STATUS 0 0 0 362 0 3438
32.591 2 GPS 0 0 0 0 0 0 0 0 0 0 1
32.593 2 ESTIMATOR 0. 0.
32.599 2 NAVIGATION 4 5 0. 0. 0. 0. 0 0
32.601 2 IR_SENSORS 511 -449 -960 62 511
32.623 2 ACTUATORS 0,1500,1500,0,1500,0,0,1500
32.643 2 DESIRED 0. 0. 0. 0. 0. 50. 0. 18.
32.691 2 GPS 0 0 0 0 0 0 0 0 0 0 1
32.693 2 ESTIMATOR 0. 0.
32.771 2 COMMANDS 0,0,0,0
32.775 2 NAVIGATION 4 5 0. 0. 0. 0. 0 0
32.791 2 GPS 0 0 0 0 0 0 0 0 0 0 1
32.793 2 ESTIMATOR 0. 0.
32.874 2 ACTUATORS 0,1500,1500,0,1500,0,0,1500
32.891 2 GPS 0 0 0 0 0 0 0 0 0 0 1
32.893 2 ESTIMATOR 0. 0.
32.897 2 ATTITUDE 0.095989 0. -1.317619
32.901 2 ENERGY 36.200001 0. 0 0.
32.973 2 DOWNLINK_STATUS 33 31363 1430 0 968. 44. 6.33
32.991 2 GPS 0 0 0 0 0 0 0 0 0 0 1
32.993 2 ESTIMATOR 0. 0.
32.997 2 WP_MOVED 0 374931. 4223100. 75. 18
33.000 2 DL_VALUE 6 0.
33.003 2 ALIVE 218,215,25,174,53,27,143,182,204,97,139,231,109,88,2,177
33.021 2 COMMANDS 0,0,0,0
33.025 2 NAVIGATION 4 5 0. 0. 0. 0. 0 0
33.091 2 GPS 0 0 0 0 0 0 0 0 0 0 1
33.092 2 ESTIMATOR 0. 0.
33.094 2 PPRZ_MODE 1 0 0 0 0 17
33.123 2 ACTUATORS 0,1500,1500,0,1500,0,0,1500
33.191 2 GPS 0 0 0 0 0 0 0 0 0 0 1
33.193 2 ESTIMATOR 0. 0.
33.197 2 BAT 0 362 1023 0 0 0 26 0 0
33.271 2 COMMANDS 0,0,0,0
33.275 2 NAVIGATION 4 5 0. 0. 0. 0. 0 0
33.291 2 GPS 0 0 0 0 0 0 0 0 0 0 1
33.293 2 ESTIMATOR 0. 0.
33.295 2 STATE_FILTER_STATUS 3 1533
33.373 2 ACTUATORS 0,1500,1500,0,1500,0,0,1500
33.391 2 GPS 0 0 0 0 0 0 0 0 0 0 1
33.393 2 ESTIMATOR 0. 0.
33.397 2 ATTITUDE 0.095989 0. -1.317619
33.491 2 GPS 0 0 0 0 0 0 0 0 0 0 1
33.493 2 ESTIMATOR 0. 0.
33.497 2 WP_MOVED 1 374889. 4223058. 75. 18
33.521 2 COMMANDS 0,0,0,0
33.525 2 NAVIGATION 4 5 0. 0. 0. 0. 0 0
33.591 2 GPS 0 0 0 0 0 0 0 0 0 0 1
33.593 2 ESTIMATOR 0. 0.
33.597 2 NAVIGATION 4 5 0. 0. 0. 0. 0 0
33.601 2 GPS_SOL 0 0 0 0
33.623 2 ACTUATORS 0,1500,1500,0,1500,0,0,1500
33.691 2 GPS 0 0 0 0 0 0 0 0 0 0 1
33.693 2 ESTIMATOR 0. 0.
33.699 2 DESIRED 0. 0. 0. 0. 0. 50. 0. 18.
33.773 2 NAVIGATION 4 5 0. 0. 0. 0. 0 0
33.775 2 COMMANDS 0,0,0,0
33.791 2 GPS 0 0 0 0 0 0 0 0 0 0 1
33.793 2 ESTIMATOR 0. 0.
33.797 2 IR_SENSORS 511 -449 -960 62 511
33.873 2 ACTUATORS 0,1500,1500,0,1500,0,0,1500
33.891 2 GPS 0 0 0 0 0 0 0 0 0 0 1
33.893 2 ESTIMATOR 0. 0.
33.897 2 ATTITUDE 0.095989 0. -1.317619
33.974 2 DOWNLINK_STATUS 34 32340 1475 0 977. 45. 6.33
33.991 2 GPS 0 0 0 0 0 0 0 0 0 0 1
33.993 2 ESTIMATOR 0. 0.
33.997 2 WP_MOVED 0 374931. 4223100. 75. 18
34.023 2 NAVIGATION 4 5 0. 0. 0. 0. 0 0
34.025 2 COMMANDS 0,0,0,0
34.091 2 GPS 0 0 0 0 0 0 0 0 0 0 1
34.093 2 ESTIMATOR 0. 0.
34.123 2 ACTUATORS 0,1500,1500,0,1500,0,0,1500
34.191 2 GPS 0 0 0 0 0 0 0 0 0 0 1
34.193 2 ESTIMATOR 0. 0.
34.273 2 NAVIGATION 4 5 0. 0. 0. 0. 0 0
34.275 2 COMMANDS 0,0,0,0
34.291 2 GPS 0 0 0 0 0 0 0 0 0 0 1
34.293 2 ESTIMATOR 0. 0.
34.297 2 BAT 0 362 1023 0 0 0 28 0 0
34.373 2 ACTUATORS 0,1500,1500,0,1500,0,0,1500
34.391 2 GPS 0 0 0 0 0 0 0 0 0 0 1
34.393 2 ESTIMATOR 0. 0.
34.397 2 ATTITUDE 0.095989 0. -1.317619
34.399 2 CALIBRATION 0. 0
34.491 2 GPS 0 0 0 0 0 0 0 0 0 0 1
34.493 2 ESTIMATOR 0. 0.
34.497 2 WP_MOVED 1 374889. 4223058. 75. 18
34.500 2 DL_VALUE 7 0.
34.501 2 DOWNLINK 1 951 2519
34.521 2 COMMANDS 0,0,0,0
34.525 2 NAVIGATION 4 5 0. 0. 0. 0. 0 0
34.571 2 FBW_STATUS 0 0 0 362 0 3558
34.591 2 GPS 0 0 0 0 0 0 0 0 0 0 1
34.593 2 ESTIMATOR 0. 0.
34.597 2 NAVIGATION 4 5 0. 0. 0. 0. 0 0
34.623 2 ACTUATORS 0,1500,1500,0,1500,0,0,1500
34.691 2 GPS 0 0 0 0 0 0 0 0 0 0 1
34.693 2 ESTIMATOR 0. 0.
34.741 2 DESIRED 0. 0. 0. 0. 0. 50. 0. 18.
34.771 2 COMMANDS 0,0,0,0
34.775 2 NAVIGATION 4 5 0. 0. 0. 0. 0 0
34.791 2 GPS 0 0 0 0 0 0 0 0 0 0 1
34.793 2 ESTIMATOR 0. 0.
34.874 2 ACTUATORS 0,1500,1500,0,1500,0,0,1500
34.891 2 GPS 0 0 0 0 0 0 0 0 0 0 1
34.893 2 ESTIMATOR 0. 0.
34.897 2 ATTITUDE 0.095989 0. -1.317619
34.975 2 DOWNLINK_STATUS 35 33279 1518 0 939. 43. 6.33
34.992 2 GPS 0 0 0 0 0 0 0 0 0 0 1
34.994 2 ESTIMATOR 0. 0.
34.997 2 WP_MOVED 0 374931. 4223100. 75. 18
34.999 2 IR_SENSORS 511 -449 -960 62 511
35.021 2 COMMANDS 0,0,0,0
35.025 2 NAVIGATION 4 5 0. 0. 0. 0. 0 0
35.092 2 GPS 0 0 0 0 0 0 0 0 0 0 1
35.094 2 ESTIMATOR 0. 0.
35.124 2 ACTUATORS 0,1500,1500,0,1500,0,0,1500
35.192 2 GPS 0 0 0 0 0 0 0 0 0 0 1
35.194 2 ESTIMATOR 0. 0.
35.271 2 COMMANDS 0,0,0,0
35.275 2 NAVIGATION 4 5 0. 0. 0. 0. 0 0
35.291 2 GPS 0 0 0 0 0 0 0 0 0 0 1
35.294 2 ESTIMATOR 0. 0.
35.373 2 ACTUATORS 0,1500,1500,0,1500,0,0,1500
35.392 2 GPS 0 0 0 0 0 0 0 0 0 0 1
35.394 2 ESTIMATOR 0. 0.
35.398 2 ATTITUDE 0.095989 0. -1.317619
35.401 2 BAT 0 362 1023 0 0 0 29 0 0
35.403 2 ENERGY 36.200001 0. 0 0.
35.457 2 PONG 
35.492 2 GPS 0 0 0 0 0 0 0 0 0 0 1
35.493 2 ESTIMATOR 0. 0.
35.498 2 WP_MOVED 1 374889. 4223058. 75. 18
35.520 2 COMMANDS 0,0,0,0
35.526 2 NAVIGATION 4 5 0. 0. 0. 0. 0 0
35.590 2 GPS 0 0 0 0 0 0 0 0 0 0 1
35.594 2 ESTIMATOR 0. 0.
35.598 2 NAVIGATION 4 5 0. 0. 0. 0. 0 0
35.600 2 GPS_SOL 0 0 0 0
35.622 2 ACTUATORS 0,1500,1500,0,1500,0,0,1500
35.692 2 GPS 0 0 0 0 0 0 0 0 0 0 1
35.694 2 ESTIMATOR 0. 0.
35.772 2 COMMANDS 0,0,0,0
35.776 2 NAVIGATION 4 5 0. 0. 0. 0. 0 0
35.790 2 GPS 0 0 0 0 0 0 0 0 0 0 1
35.794 2 ESTIMATOR 0. 0.
35.799 2 DESIRED 0. 0. 0. 0. 0. 50. 0. 18.
35.872 2 ACTUATORS 0,1500,1500,0,1500,0,0,1500
35.890 2 GPS 0 0 0 0 0 0 0 0 0 0 1
35.894 2 ESTIMATOR 0. 0.
35.896 2 ATTITUDE 0.095989 0. -1.317619
35.977 2 DOWNLINK_STATUS 36 34227 1561 0 948. 43. 5.41
35.990 2 GPS 0 0 0 0 0 0 0 0 0 0 1
35.994 2 ESTIMATOR 0. 0.
35.996 2 WP_MOVED 0 374931. 4223100. 75. 18
35.999 2 DL_VALUE 8 250.
36.020 2 COMMANDS 0,0,0,0
36.026 2 NAVIGATION 4 5 0. 0. 0. 0. 0 0
36.090 2 GPS 0 0 0 0 0 0 0 0 0 0 1
36.094 2 ESTIMATOR 0. 0.
36.122 2 ACTUATORS 0,1500,1500,0,1500,0,0,1500
36.190 2 GPS 0 0 0 0 0 0 0 0 0 0 1
36.194 2 ESTIMATOR 0. 0.
36.196 2 IR_SENSORS 511 -449 -960 62 511
36.272 2 COMMANDS 0,0,0,0
36.276 2 NAVIGATION 4 5 0. 0. 0. 0. 0 0
36.290 2 GPS 0 0 0 0 0 0 0 0 0 0 1
36.294 2 ESTIMATOR 0. 0.
36.372 2 ACTUATORS 0,1500,1500,0,1500,0,0,1500
36.390 2 GPS 0 0 0 0 0 0 0 0 0 0 1
36.394 2 ESTIMATOR 0. 0.
36.396 2 ATTITUDE 0.095989 0. -1.317619
36.490 2 GPS 0 0 0 0 0 0 0 0 0 0 1
36.494 2 ESTIMATOR 0. 0.
36.496 2 WP_MOVED 1 374889. 4223058. 75. 18
36.500 2 BAT 0 362 1023 0 0 0 30 0 0
36.502 2 CALIBRATION 0. 0
36.522 2 COMMANDS 0,0,0,0
36.526 2 NAVIGATION 4 5 0. 0. 0. 0. 0 0
36.572 2 FBW_STATUS 0 0 0 362 0 3678
36.590 2 GPS 0 0 0 0 0 0 0 0 0 0 1
36.594 2 ESTIMATOR 0. 0.
36.598 2 NAVIGATION 4 5 0. 0. 0. 0. 0 0
36.622 2 ACTUATORS 0,1500,1500,0,1500,0,0,1500
36.690 2 GPS 0 0 0 0 0 0 0 0 0 0 1
36.694 2 ESTIMATOR 0. 0.
36.772 2 NAVIGATION 4 5 0. 0. 0. 0. 0 0
36.776 2 COMMANDS 0,0,0,0
36.790 2 GPS 0 0 0 0 0 0 0 0 0 0 1
36.794 2 ESTIMATOR 0. 0.
36.842 2 DESIRED 0. 0. 0. 0. 0. 50. 0. 18.
36.872 2 ACTUATORS 0,1500,1500,0,1500,0,0,1500
36.890 2 GPS 0 0 0 0 0 0 0 0 0 0 1
36.894 2 ESTIMATOR 0. 0.
36.896 2 ATTITUDE 0.095989 0. -1.317619
36.978 2 DOWNLINK_STATUS 37 35171 1604 0 944. 43. 5.41
36.990 2 GPS 0 0 0 0 0 0 0 0 0 0 1
36.994 2 ESTIMATOR 0. 0.
36.996 2 WP_MOVED 0 374931. 4223100. 75. 18
37.020 2 COMMANDS 0,0,0,0
37.026 2 NAVIGATION 4 5 0. 0. 0. 0. 0 0
37.090 2 GPS 0 0 0 0 0 0 0 0 0 0 1
37.094 2 ESTIMATOR 0. 0.
37.122 2 ACTUATORS 0,1500,1500,0,1500,0,0,1500
37.190 2 GPS 0 0 0 0 0 0 0 0 0 0 1
37.194 2 ESTIMATOR 0. 0.
37.272 2 NAVIGATION 4 5 0. 0. 0. 0. 0 0
37.276 2 COMMANDS 0,0,0,0
37.290 2 GPS 0 0 0 0 0 0 0 0 0 0 1
37.294 2 ESTIMATOR 0. 0.
37.372 2 ACTUATORS 0,1500,1500,0,1500,0,0,1500
37.390 2 GPS 0 0 0 0 0 0 0 0 0 0 1
37.394 2 ESTIMATOR 0. 0.
37.396 2 ATTITUDE 0.095989 0. -1.317619
37.398 2 IR_SENSORS 511 -449 -960 62 511
37.490 2 GPS 0 0 0 0 0 0 0 0 0 0 1
37.492 2 ESTIMATOR 0. 0.
37.496 2 WP_MOVED 1 374889. 4223058. 75. 18
37.499 2 DL_VALUE 9 1.144
37.522 2 NAVIGATION 4 5 0. 0. 0. 0. 0 0
37.525 2 COMMANDS 0,0,0,0
37.590 2 GPS 0 0 0 0 0 0 0 0 0 0 1
37.594 2 ESTIMATOR 0. 0.
37.598 2 NAVIGATION 4 5 0. 0. 0. 0. 0 0
37.602 2 BAT 0 362 1023 0 0 0 31 0 0
37.604 2 GPS_SOL 0 0 0 0
37.622 2 ACTUATORS 0,1500,1500,0,1500,0,0,1500
37.690 2 GPS 0 0 0 0 0 0 0 0 0 0 1
37.692 2 ESTIMATOR 0. 0.
37.770 2 COMMANDS 0,0,0,0
37.776 2 NAVIGATION 4 5 0. 0. 0. 0. 0 0
37.790 2 GPS 0 0 0 0 0 0 0 0 0 0 1
37.794 2 ESTIMATOR 0. 0.
37.873 2 ACTUATORS 0,1500,1500,0,1500,0,0,1500
37.890 2 GPS 0 0 0 0 0 0 0 0 0 0 1
37.894 2 ESTIMATOR 0. 0.
37.896 2 ATTITUDE 0.095989 0. -1.317619
37.902 2 DESIRED 0. 0. 0. 0. 0. 50. 0. 18.
37.906 2 ENERGY 36.200001 0. 0 0.
37.979 2 DOWNLINK_STATUS 38 36124 1647 0 953. 43. 5.41
37.991 2 GPS 0 0 0 0 0 0 0 0 0 0 1
37.993 2 ESTIMATOR 0. 0.
37.997 2 WP_MOVED 0 374931. 4223100. 75. 18
38.001 2 ALIVE 218,215,25,174,53,27,143,182,204,97,139,231,109,88,2,177
38.021 2 COMMANDS 0,0,0,0
38.025 2 NAVIGATION 4 5 0. 0. 0. 0. 0 0
38.091 2 GPS 0 0 0 0 0 0 0 0 0 0 1
38.093 2 ESTIMATOR 0. 0.
38.095 2 PPRZ_MODE 1 0 0 0 0 17
38.121 2 ACTUATORS 0,1500,1500,0,1500,0,0,1500
38.191 2 GPS 0 0 0 0 0 0 0 0 0 0 1
38.193 2 ESTIMATOR 0. 0.
38.274 2 NAVIGATION 4 5 0. 0. 0. 0. 0 0
38.275 2 COMMANDS 0,0,0,0
38.291 2 GPS 0 0 0 0 0 0 0 0 0 0 1
38.293 2 ESTIMATOR 0. 0.
38.295 2 STATE_FILTER_STATUS 3 1533
38.371 2 ACTUATORS 0,1500,1500,0,1500,0,0,1500
38.391 2 GPS 0 0 0 0 0 0 0 0 0 0 1
38.393 2 ESTIMATOR 0. 0.
38.397 2 ATTITUDE 0.095989 0. -1.317619
38.491 2 GPS 0 0 0 0 0 0 0 0 0 0 1
38.493 2 ESTIMATOR 0. 0.
38.497 2 WP_MOVED 1 374889. 4223058. 75. 18
38.522 2 COMMANDS 0,0,0,0
38.525 2 NAVIGATION 4 5 0. 0. 0. 0. 0 0
38.571 2 FBW_STATUS 0 0 0 362 0 3798
38.592 2 GPS 0 0 0 0 0 0 0 0 0 0 1
38.593 2 ESTIMATOR 0. 0.
38.597 2 NAVIGATION 4 5 0. 0. 0. 0. 0 0
38.601 2 IR_SENSORS 511 -448 -959 63 511
38.601 2 CALIBRATION 0. 0
38.622 2 ACTUATORS 0,1500,1500,0,1500,0,0,1500
38.691 2 GPS 0 0 0 0 0 0 0 0 0 0 1
38.693 2 ESTIMATOR 0. 0.
38.697 2 BAT 0 362 1023 0 0 0 32 0 0
38.771 2 COMMANDS 0,0,0,0
38.775 2 NAVIGATION 4 5 0. 0. 0. 0. 0 0
38.791 2 GPS 0 0 0 0 0 0 0 0 0 0 1
38.793 2 ESTIMATOR 0. 0.
38.871 2 ACTUATORS 0,1500,1500,0,1500,0,0,1500
38.891 2 GPS 0 0 0 0 0 0 0 0 0 0 1
38.893 2 ESTIMATOR 0. 0.
38.895 2 ATTITUDE 0.095989 0. -1.317619
38.942 2 DESIRED 0. 0. 0. 0. 0. 50. 0. 18.
38.980 2 DOWNLINK_STATUS 39 37101 1692 0 977. 45. 5.41
38.991 2 GPS 0 0 0 0 0 0 0 0 0 0 1
38.993 2 ESTIMATOR 0. 0.
38.997 2 WP_MOVED 0 374931. 4223100. 75. 18
39.000 2 DL_VALUE 10 1.2
39.022 2 COMMANDS 0,0,0,0
39.026 2 NAVIGATION 4 5 0. 0. 0. 0. 0 0
39.092 2 GPS 0 0 0 0 0 0 0 0 0 0 1
39.094 2 ESTIMATOR 0. 0.
39.122 2 ACTUATORS 0,1500,1500,0,1500,0,0,1500
39.191 2 GPS 0 0 0 0 0 0 0 0 0 0 1
39.193 2 ESTIMATOR 0. 0.
39.271 2 COMMANDS 0,0,0,0
39.275 2 NAVIGATION 4 5 0. 0. 0. 0. 0 0
39.292 2 GPS 0 0 0 0 0 0 0 0 0 0 1
39.294 2 ESTIMATOR 0. 0.
39.371 2 ACTUATORS 0,1500,1500,0,1500,0,0,1500
39.390 2 GPS 0 0 0 0 0 0 0 0 0 0 1
39.393 2 ESTIMATOR 0. 0.
39.396 2 ATTITUDE 0.095989 0. -1.317619
39.490 2 GPS 0 0 0 0 0 0 0 0 0 0 1
39.493 2 ESTIMATOR 0. 0.
39.497 2 WP_MOVED 1 374889. 4223058. 75. 18
39.521 2 COMMANDS 0,0,0,0
39.525 2 NAVIGATION 4 5 0. 0. 0. 0. 0 0
39.591 2 GPS 0 0 0 0 0 0 0 0 0 0 1
39.593 2 ESTIMATOR 0. 0.
39.597 2 NAVIGATION 4 5 0. 0. 0. 0. 0 0
39.601 2 GPS_SOL 0 0 0 0
39.603 2 DOWNLINK 1 952 2740
39.623 2 ACTUATORS 0,1500,1500,0,1500,0,0,1500
39.691 2 GPS 0 0 0 0 0 0 0 0 0 0 1
39.693 2 ESTIMATOR 0. 0.
39.771 2 COMMANDS 0,0,0,0
39.775 2 NAVIGATION 4 5 0. 0. 0. 0. 0 0
39.791 2 GPS 0 0 0 0 0 0 0 0 0 0 1
39.793 2 ESTIMATOR 0. 0.
39.797 2 BAT 0 362 1023 0 0 0 33 0 0
39.799 2 IR_SENSORS 511 -449 -960 62 511
39.871 2 ACTUATORS 0,1500,1500,0,1500,0,0,1500
39.891 2 GPS 0 0 0 0 0 0 0 0 0 0 1
39.893 2 ESTIMATOR 0. 0.
39.897 2 ATTITUDE 0.095989 0. -1.317619
39.982 2 DOWNLINK_STATUS 40 38007 1734 0 906. 42. 5.41
39.991 2 GPS 0 0 0 0 0 0 0 0 0 0 1
39.993 2 ESTIMATOR 0. 0.
39.997 2 WP_MOVED 0 374931. 4223100. 75. 18
40.004 2 DESIRED 0. 0. 0. 0. 0. 50. 0. 18.
40.021 2 COMMANDS 0,0,0,0
40.025 2 NAVIGATION 4 5 0. 0. 0. 0. 0 0
40.091 2 GPS 0 0 0 0 0 0 0 0 0 0 1
40.094 2 ESTIMATOR 0. 0.
40.122 2 ACTUATORS 0,1500,1500,0,1500,0,0,1500
40.190 2 GPS 0 0 0 0 0 0 0 0 0 0 1
40.194 2 ESTIMATOR 0. 0.
40.270 2 COMMANDS 0,0,0,0
40.274 2 NAVIGATION 4 5 0. 0. 0. 0. 0 0
40.290 2 GPS 0 0 0 0 0 0 0 0 0 0 1
40.294 2 ESTIMATOR 0. 0.
40.372 2 ACTUATORS 0,1500,1500,0,1500,0,0,1500
40.390 2 GPS 0 0 0 0 0 0 0 0 0 0 1
40.392 2 ESTIMATOR 0. 0.
40.396 2 ATTITUDE 0.095989 0. -1.317619
40.400 2 ENERGY 36.200001 0. 0 0.
40.458 2 PONG 
40.490 2 GPS 0 0 0 0 0 0 0 0 0 0 1
40.492 2 ESTIMATOR 0. 0.
40.496 2 WP_MOVED 1 374889. 4223058. 75. 18
40.499 2 DL_VALUE 11 1.31
40.520 2 COMMANDS 0,0,0,0
40.526 2 NAVIGATION 4 5 0. 0. 0. 0. 0 0
40.570 2 FBW_STATUS 0 0 0 362 0 3918
40.590 2 GPS 0 0 0 0 0 0 0 0 0 0 1
40.592 2 ESTIMATOR 0. 0.
40.598 2 NAVIGATION 4 5 0. 0. 0. 0. 0 0
40.622 2 ACTUATORS 0,1500,1500,0,1500,0,0,1500
40.690 2 GPS 0 0 0 0 0 0 0 0 0 0 1
40.692 2 ESTIMATOR 0. 0.
40.694 2 CALIBRATION 0. 0
40.772 2 NAVIGATION 4 5 0. 0. 0. 0. 0 0
40.774 2 COMMANDS 0,0,0,0
40.790 2 GPS 0 0 0 0 0 0 0 0 0 0 1
40.792 2 ESTIMATOR 0. 0.
40.872 2 ACTUATORS 0,1500,1500,0,1500,0,0,1500
40.890 2 GPS 0 0 0 0 0 0 0 0 0 0 1
40.892 2 ESTIMATOR 0. 0.
40.896 2 ATTITUDE 0.095989 0. -1.317619
40.900 2 BAT 0 362 1023 0 0 0 34 0 0
40.983 2 DOWNLINK_STATUS 41 38961 1778 0 954. 44. 5.68
40.990 2 GPS 0 0 0 0 0 0 0 0 0 0 1
40.992 2 ESTIMATOR 0. 0.
40.996 2 WP_MOVED 0 374931. 4223100. 75. 18
40.998 2 IR_SENSORS 511 -449 -960 62 511
41.020 2 COMMANDS 0,0,0,0
41.024 2 NAVIGATION 4 5 0. 0. 0. 0. 0 0
41.042 2 DESIRED 0. 0. 0. 0. 0. 50. 0. 18.
41.090 2 GPS 0 0 0 0 0 0 0 0 0 0 1
41.092 2 ESTIMATOR 0. 0.
41.122 2 ACTUATORS 0,1500,1500,0,1500,0,0,1500
41.190 2 GPS 0 0 0 0 0 0 0 0 0 0 1
41.192 2 ESTIMATOR 0. 0.
41.270 2 COMMANDS 0,0,0,0
41.274 2 NAVIGATION 4 5 0. 0. 0. 0. 0 0
41.290 2 GPS 0 0 0 0 0 0 0 0 0 0 1
41.292 2 ESTIMATOR 0. 0.
41.372 2 ACTUATORS 0,1500,1500,0,1500,0,0,1500
41.390 2 GPS 0 0 0 0 0 0 0 0 0 0 1
41.392 2 ESTIMATOR 0. 0.
41.396 2 ATTITUDE 0.095989 0. -1.317619
41.490 2 GPS 0 0 0 0 0 0 0 0 0 0 1
41.493 2 ESTIMATOR 0. 0.
41.496 2 WP_MOVED 1 374889. 4223058. 75. 18
41.498 2 NAVIGATION_REF 374889 4223058 18
41.520 2 COMMANDS 0,0,0,0
41.524 2 NAVIGATION 4 5 0. 0. 0. 0. 0 0
41.590 2 GPS 0 0 0 0 0 0 0 0 0 0 1
41.592 2 ESTIMATOR 0. 0.
41.598 2 NAVIGATION 4 5 0. 0. 0. 0. 0 0
41.600 2 GPS_SOL 0 0 0 0
41.622 2 ACTUATORS 0,1500,1500,0,1500,0,0,1500
41.690 2 GPS 0 0 0 0 0 0 0 0 0 0 1
41.692 2 ESTIMATOR 0. 0.
41.770 2 COMMANDS 0,0,0,0
41.774 2 NAVIGATION 4 5 0. 0. 0. 0. 0 0
41.790 2 GPS 0 0 0 0 0 0 0 0 0 0 1
41.792 2 ESTIMATOR 0. 0.
41.873 2 ACTUATORS 0,1500,1500,0,1500,0,0,1500
41.890 2 GPS 0 0 0 0 0 0 0 0 0 0 1
41.892 2 ESTIMATOR 0. 0.
41.896 2 ATTITUDE 0.095989 0. -1.317619
41.984 2 DOWNLINK_STATUS 42 39875 1819 0 914. 41. 5.68
41.990 2 GPS 0 0 0 0 0 0 0 0 0 0 1
41.992 2 ESTIMATOR 0. 0.
41.996 2 WP_MOVED 0 374931. 4223100. 75. 18
42.000 2 BAT 0 362 1023 0 0 0 35 0 0
42.003 2 DL_VALUE 12 0.785
42.020 2 COMMANDS 0,0,0,0
42.024 2 NAVIGATION 4 5 0. 0. 0. 0. 0 0
42.090 2 GPS 0 0 0 0 0 0 0 0 0 0 1
42.092 2 ESTIMATOR 0. 0.
42.098 2 DESIRED 0. 0. 0. 0. 0. 50. 0. 18.
42.122 2 ACTUATORS 0,1500,1500,0,1500,0,0,1500
42.190 2 GPS 0 0 0 0 0 0 0 0 0 0 1
42.192 2 ESTIMATOR 0. 0.
42.196 2 IR_SENSORS 511 -449 -960 62 511
42.270 2 COMMANDS 0,0,0,0
42.274 2 NAVIGATION 4 5 0. 0. 0. 0. 0 0
42.290 2 GPS 0 0 0 0 0 0 0 0 0 0 1
42.292 2 ESTIMATOR 0. 0.
42.373 2 ACTUATORS 0,1500,1500,0,1500,0,0,1500
42.390 2 GPS 0 0 0 0 0 0 0 0 0 0 1
42.392 2 ESTIMATOR 0. 0.
42.396 2 ATTITUDE 0.095989 0. -1.317619
42.491 2 GPS 0 0 0 0 0 0 0 0 0 0 1
42.492 2 ESTIMATOR 0. 0.
42.497 2 WP_MOVED 1 374889. 4223058. 75. 18
42.520 2 COMMANDS 0,0,0,0
42.524 2 NAVIGATION 4 5 0. 0. 0. 0. 0 0
42.570 2 FBW_STATUS 0 0 0 362 0 4038
42.590 2 GPS 0 0 0 0 0 0 0 0 0 0 1
42.592 2 ESTIMATOR 0. 0.
42.596 2 NAVIGATION 4 5 0. 0. 0. 0. 0 0
42.622 2 ACTUATORS 0,1500,1500,0,1500,0,0,1500
42.690 2 GPS 0 0 0 0 0 0 0 0 0 0 1
42.692 2 ESTIMATOR 0. 0.
42.770 2 COMMANDS 0,0,0,0
42.774 2 NAVIGATION 4 5 0. 0. 0. 0. 0 0
42.790 2 GPS 0 0 0 0 0 0 0 0 0 0 1
42.792 2 ESTIMATOR 0. 0.
42.794 2 CALIBRATION 0. 0
42.872 2 ACTUATORS 0,1500,1500,0,1500,0,0,1500
42.891 2 GPS 0 0 0 0 0 0 0 0 0 0 1
42.893 2 ESTIMATOR 0. 0.
42.897 2 ATTITUDE 0.095989 0. -1.317619
42.901 2 ENERGY 36.200001 0. 0 0.
42.984 2 DOWNLINK_STATUS 43 40839 1863 0 964. 44. 5.68
42.990 2 GPS 0 0 0 0 0 0 0 0 0 0 1
42.992 2 ESTIMATOR 0. 0.
42.996 2 WP_MOVED 0 374931. 4223100. 75. 18
43.000 2 ALIVE 218,215,25,174,53,27,143,182,204,97,139,231,109,88,2,177
43.021 2 COMMANDS 0,0,0,0
43.025 2 NAVIGATION 4 5 0. 0. 0. 0. 0 0
43.090 2 GPS 0 0 0 0 0 0 0 0 0 0 1
43.092 2 ESTIMATOR 0. 0.
43.097 2 BAT 0 362 1023 0 0 0 36 0 0
43.100 2 PPRZ_MODE 1 0 0 0 0 17
43.121 2 ACTUATORS 0,1500,1500,0,1500,0,0,1500
43.141 2 DESIRED 0. 0. 0. 0. 0. 50. 0. 18.
43.189 2 GPS 0 0 0 0 0 0 0 0 0 0 1
43.194 2 ESTIMATOR 0. 0.
43.269 2 COMMANDS 0,0,0,0
43.276 2 NAVIGATION 4 5 0. 0. 0. 0. 0 0
43.289 2 GPS 0 0 0 0 0 0 0 0 0 0 1
43.294 2 ESTIMATOR 0. 0.
43.295 2 STATE_FILTER_STATUS 3 1533
43.371 2 ACTUATORS 0,1500,1500,0,1500,0,0,1500
43.390 2 GPS 0 0 0 0 0 0 0 0 0 0 1
43.393 2 ESTIMATOR 0. 0.
43.395 2 ATTITUDE 0.095989 0. -1.317619
43.399 2 IR_SENSORS 511 -449 -960 62 511
43.490 2 GPS 0 0 0 0 0 0 0 0 0 0 1
43.493 2 ESTIMATOR 0. 0.
43.495 2 WP_MOVED 1 374889. 4223058. 75. 18
43.498 2 DL_VALUE 13 0.142
43.521 2 COMMANDS 0,0,0,0
43.525 2 NAVIGATION 4 5 0. 0. 0. 0. 0 0
43.591 2 GPS 0 0 0 0 0 0 0 0 0 0 1
43.593 2 ESTIMATOR 0. 0.
43.597 2 NAVIGATION 4 5 0. 0. 0. 0. 0 0
43.601 2 GPS_SOL 0 0 0 0
43.621 2 ACTUATORS 0,1500,1500,0,1500,0,0,1500
43.691 2 GPS 0 0 0 0 0 0 0 0 0 0 1
43.693 2 ESTIMATOR 0. 0.
43.771 2 COMMANDS 0,0,0,0
43.775 2 NAVIGATION 4 5 0. 0. 0. 0. 0 0
43.791 2 GPS 0 0 0 0 0 0 0 0 0 0 1
43.792 2 ESTIMATOR 0. 0.
43.871 2 ACTUATORS 0,1500,1500,0,1500,0,0,1500
43.891 2 GPS 0 0 0 0 0 0 0 0 0 0 1
43.893 2 ESTIMATOR 0. 0.
43.895 2 ATTITUDE 0.095989 0. -1.317619
43.985 2 DOWNLINK_STATUS 44 41816 1908 0 977. 45. 5.68
43.991 2 GPS 0 0 0 0 0 0 0 0 0 0 1
43.993 2 ESTIMATOR 0. 0.
43.997 2 WP_MOVED 0 374931. 4223100. 75. 18
44.021 2 COMMANDS 0,0,0,0
44.025 2 NAVIGATION 4 5 0. 0. 0. 0. 0 0
44.091 2 GPS 0 0 0 0 0 0 0 0 0 0 1
44.093 2 ESTIMATOR 0. 0.
44.121 2 ACTUATORS 0,1500,1500,0,1500,0,0,1500
44.191 2 GPS 0 0 0 0 0 0 0 0 0 0 1
44.193 2 ESTIMATOR 0. 0.
44.199 2 DESIRED 0. 0. 0. 0. 0. 50. 0. 18.
44.203 2 BAT 0 362 1023 0 0 0 37 0 0
44.271 2 COMMANDS 0,0,0,0
44.275 2 NAVIGATION 4 5 0. 0. 0. 0. 0 0
44.291 2 GPS 0 0 0 0 0 0 0 0 0 0 1
44.293 2 ESTIMATOR 0. 0.
44.371 2 ACTUATORS 0,1500,1500,0,1500,0,0,1500
44.391 2 GPS 0 0 0 0 0 0 0 0 0 0 1
44.393 2 ESTIMATOR 0. 0.
44.395 2 ATTITUDE 0.097522 0. -1.317186
44.489 2 GPS 0 0 0 0 0 0 0 0 0 0 1
44.493 2 ESTIMATOR 0. 0.
44.494 2 WP_MOVED 1 374889. 4223058. 75. 18
44.521 2 COMMANDS 0,0,0,0
44.525 2 NAVIGATION 4 5 0. 0. 0. 0. 0 0
44.571 2 FBW_STATUS 0 0 0 362 0 4158
44.591 2 GPS 0 0 0 0 0 0 0 0 0 0 1
44.593 2 ESTIMATOR 0. 0.
44.597 2 NAVIGATION 4 5 0. 0. 0. 0. 0 0
44.599 2 IR_SENSORS 511 -449 -960 62 511
44.621 2 ACTUATORS 0,1500,1500,0,1500,0,0,1500
44.691 2 GPS 0 0 0 0 0 0 0 0 0 0 1
44.693 2 ESTIMATOR 0. 0.
44.695 2 DOWNLINK 1 951 2961
44.771 2 COMMANDS 0,0,0,0
44.775 2 NAVIGATION 4 5 0. 0. 0. 0. 0 0
44.789 2 GPS 0 0 0 0 0 0 0 0 0 0 1
44.793 2 ESTIMATOR 0. 0.
44.871 2 ACTUATORS 0,1500,1500,0,1500,0,0,1500
44.889 2 GPS 0 0 0 0 0 0 0 0 0 0 1
44.893 2 ESTIMATOR 0. 0.
44.895 2 ATTITUDE 0.097522 0. -1.317186
44.897 2 CALIBRATION 0. 0
44.986 2 DOWNLINK_STATUS 45 42760 1951 0 944. 43. 5.68
44.989 2 GPS 0 0 0 0 0 0 0 0 0 0 1
44.993 2 ESTIMATOR 0. 0.
44.995 2 WP_MOVED 0 374931. 4223100. 75. 18
44.997 2 DL_VALUE 14 0.4
45.021 2 COMMANDS 0,0,0,0
45.025 2 NAVIGATION 4 5 0. 0. 0. 0. 0 0
45.089 2 GPS 0 0 0 0 0 0 0 0 0 0 1
45.093 2 ESTIMATOR 0. 0.
45.121 2 ACTUATORS 0,1500,1500,0,1500,0,0,1500
45.189 2 GPS 0 0 0 0 0 0 0 0 0 0 1
45.193 2 ESTIMATOR 0. 0.
45.241 2 DESIRED 0. 0. 0. 0. 0. 50. 0. 18.
45.269 2 COMMANDS 0,0,0,0
45.275 2 NAVIGATION 4 5 0. 0. 0. 0. 0 0
45.289 2 GPS 0 0 0 0 0 0 0 0 0 0 1
45.293 2 ESTIMATOR 0. 0.
45.297 2 BAT 0 362 1023 0 0 0 39 0 0
45.371 2 ACTUATORS 0,1500,1500,0,1500,0,0,1500
45.389 2 GPS 0 0 0 0 0 0 0 0 0 0 1
45.407 2 ESTIMATOR 0. 0.
45.410 2 ATTITUDE 0.095989 0. -1.317619
45.411 2 ENERGY 36.200001 0. 0 0.
45.459 2 PONG 
45.489 2 GPS 0 0 0 0 0 0 0 0 0 0 1
45.493 2 ESTIMATOR 0. 0.
45.495 2 WP_MOVED 1 374889. 4223058. 75. 18
45.519 2 COMMANDS 0,0,0,0
45.525 2 NAVIGATION 4 5 0. 0. 0. 0. 0 0
45.589 2 GPS 0 0 0 0 0 0 0 0 0 0 1
45.593 2 ESTIMATOR 0. 0.
45.597 2 NAVIGATION 4 5 0. 0. 0. 0. 0 0
45.599 2 GPS_SOL 0 0 0 0
45.621 2 ACTUATORS 0,1500,1500,0,1500,0,0,1500
45.689 2 GPS 0 0 0 0 0 0 0 0 0 0 1
45.693 2 ESTIMATOR 0. 0.
45.769 2 COMMANDS 0,0,0,0
45.775 2 NAVIGATION 4 5 0. 0. 0. 0. 0 0
45.789 2 GPS 0 0 0 0 0 0 0 0 0 0 1
45.793 2 ESTIMATOR 0. 0.
45.795 2 IR_SENSORS 511 -449 -960 62 511
45.872 2 ACTUATORS 0,1500,1500,0,1500,0,0,1500
45.889 2 GPS 0 0 0 0 0 0 0 0 0 0 1
45.893 2 ESTIMATOR 0. 0.
45.895 2 ATTITUDE 0.095989 0. -1.317619
45.987 2 DOWNLINK_STATUS 46 43719 1995 0 959. 44. 6.62
45.989 2 GPS 0 0 0 0 0 0 0 0 0 0 1
45.993 2 ESTIMATOR 0. 0.
45.995 2 WP_MOVED 0 374931. 4223100. 75. 18
46.022 2 NAVIGATION 4 5 0. 0. 0. 0. 0 0
46.025 2 COMMANDS 0,0,0,0
46.090 2 GPS 0 0 0 0 0 0 0 0 0 0 1
46.093 2 ESTIMATOR 0. 0.
46.123 2 ACTUATORS 0,1500,1500,0,1500,0,0,1500
46.189 2 GPS 0 0 0 0 0 0 0 0 0 0 1
46.193 2 ESTIMATOR 0. 0.
46.269 2 COMMANDS 0,0,0,0
46.276 2 NAVIGATION 4 5 0. 0. 0. 0. 0 0
46.290 2 GPS 0 0 0 0 0 0 0 0 0 0 1
46.292 2 ESTIMATOR 0. 0.
46.299 2 DESIRED 0. 0. 0. 0. 0. 50. 0. 18.
46.372 2 ACTUATORS 0,1500,1500,0,1500,0,0,1500
46.389 2 GPS 0 0 0 0 0 0 0 0 0 0 1
46.394 2 ESTIMATOR 0. 0.
46.396 2 ATTITUDE 0.095989 0. -1.317619
46.399 2 BAT 0 362 1023 0 0 0 40 0 0
46.489 2 GPS 0 0 0 0 0 0 0 0 0 0 1
46.493 2 ESTIMATOR 0. 0.
46.495 2 WP_MOVED 1 374889. 4223058. 75. 18
46.498 2 DL_VALUE 15 0.008
46.519 2 COMMANDS 0,0,0,0
46.525 2 NAVIGATION 4 5 0. 0. 0. 0. 0 0
46.571 2 FBW_STATUS 0 0 0 362 0 4278
46.589 2 GPS 0 0 0 0 0 0 0 0 0 0 1
46.593 2 ESTIMATOR 0. 0.
46.597 2 NAVIGATION 4 5 0. 0. 0. 0. 0 0
46.622 2 ACTUATORS 0,1500,1500,0,1500,0,0,1500
46.690 2 GPS 0 0 0 0 0 0 0 0 0 0 1
46.694 2 ESTIMATOR 0. 0.
46.769 2 COMMANDS 0,0,0,0
46.774 2 NAVIGATION 4 5 0. 0. 0. 0. 0 0
46.789 2 GPS 0 0 0 0 0 0 0 0 0 0 1
46.791 2 ESTIMATOR 0. 0.
46.872 2 ACTUATORS 0,1500,1500,0,1500,0,0,1500
46.889 2 GPS 0 0 0 0 0 0 0 0 0 0 1
46.891 2 ESTIMATOR 0. 0.
46.895 2 ATTITUDE 0.095989 0. -1.317619
46.987 2 DOWNLINK_STATUS 47 44636 2036 0 917. 41. 6.62
46.989 2 GPS 0 0 0 0 0 0 0 0 0 0 1
46.991 2 ESTIMATOR 0. 0.
46.996 2 WP_MOVED 0 374931. 4223100. 75. 18
46.997 2 IR_SENSORS 511 -449 -960 62 511
47.000 2 CALIBRATION 0. 0
47.019 2 COMMANDS 0,0,0,0
47.023 2 NAVIGATION 4 5 0. 0. 0. 0. 0 0
47.089 2 GPS 0 0 0 0 0 0 0 0 0 0 1
47.091 2 ESTIMATOR 0. 0.
47.122 2 ACTUATORS 0,1500,1500,0,1500,0,0,1500
47.189 2 GPS 0 0 0 0 0 0 0 0 0 0 1
47.192 2 ESTIMATOR 0. 0.
47.273 2 NAVIGATION 4 5 0. 0. 0. 0. 0 0
47.274 2 COMMANDS 0,0,0,0
47.290 2 GPS 0 0 0 0 0 0 0 0 0 0 1
47.292 2 ESTIMATOR 0. 0.
47.340 2 DESIRED 0. 0. 0. 0. 0. 50. 0. 18.
47.372 2 ACTUATORS 0,1500,1500,0,1500,0,0,1500
47.391 2 GPS 0 0 0 0 0 0 0 0 0 0 1
47.393 2 ESTIMATOR 0. 0.
47.395 2 ATTITUDE 0.095989 0. -1.317619
47.490 2 GPS 0 0 0 0 0 0 0 0 0 0 1
47.492 2 ESTIMATOR 0. 0.
47.496 2 WP_MOVED 1 374889. 4223058. 75. 18
47.500 2 BAT 0 362 1023 0 0 0 41 0 0
47.520 2 COMMANDS 0,0,0,0
47.524 2 NAVIGATION 4 5 0. 0. 0. 0. 0 0
47.590 2 GPS 0 0 0 0 0 0 0 0 0 0 1
47.592 2 ESTIMATOR 0. 0.
47.596 2 NAVIGATION 4 5 0. 0. 0. 0. 0 0
47.600 2 GPS_SOL 0 0 0 0
47.622 2 ACTUATORS 0,1500,1500,0,1500,0,0,1500
47.690 2 GPS 0 0 0 0 0 0 0 0 0 0 1
47.692 2 ESTIMATOR 0. 0.
47.770 2 COMMANDS 0,0,0,0
47.774 2 NAVIGATION 4 5 0. 0. 0. 0. 0 0
47.790 2 GPS 0 0 0 0 0 0 0 0 0 0 1
47.791 2 ESTIMATOR 0. 0.
47.872 2 ACTUATORS 0,1500,1500,0,1500,0,0,1500
47.890 2 GPS 0 0 0 0 0 0 0 0 0 0 1
47.892 2 ESTIMATOR 0. 0.
47.896 2 ATTITUDE 0.095989 0. -1.317619
47.898 2 ENERGY 36.200001 0. 0 0.
47.988 2 DOWNLINK_STATUS 48 45589 2079 0 953. 43. 6.62
47.990 2 GPS 0 0 0 0 0 0 0 0 0 0 1
47.992 2 ESTIMATOR 0. 0.
47.996 2 WP_MOVED 0 374931. 4223100. 75. 18
47.998 2 DL_VALUE 16 0.25
48.002 2 ALIVE 218,215,25,174,53,27,143,182,204,97,139,231,109,88,2,177
48.021 2 COMMANDS 0,0,0,0
48.024 2 NAVIGATION 4 5 0. 0. 0. 0. 0 0
48.090 2 GPS 0 0 0 0 0 0 0 0 0 0 1
48.092 2 ESTIMATOR 0. 0.
48.094 2 PPRZ_MODE 1 0 0 0 0 17
48.122 2 ACTUATORS 0,1500,1500,0,1500,0,0,1500
48.189 2 GPS 0 0 0 0 0 0 0 0 0 0 1
48.192 2 ESTIMATOR 0. 0.
48.194 2 IR_SENSORS 511 -449 -960 62 511
48.270 2 COMMANDS 0,0,0,0
48.274 2 NAVIGATION 4 5 0. 0. 0. 0. 0 0
48.290 2 GPS 0 0 0 0 0 0 0 0 0 0 1
48.292 2 ESTIMATOR 0. 0.
48.294 2 STATE_FILTER_STATUS 3 1533
48.373 2 ACTUATORS 0,1500,1500,0,1500,0,0,1500
48.390 2 GPS 0 0 0 0 0 0 0 0 0 0 1
48.392 2 ESTIMATOR 0. 0.
48.396 2 ATTITUDE 0.097522 0. -1.317186
48.402 2 DESIRED 0. 0. 0. 0. 0. 50. 0. 18.
48.490 2 GPS 0 0 0 0 0 0 0 0 0 0 1
48.492 2 ESTIMATOR 0. 0.
48.496 2 WP_MOVED 1 374889. 4223058. 75. 18
48.520 2 COMMANDS 0,0,0,0
48.524 2 NAVIGATION 4 5 0. 0. 0. 0. 0 0
48.570 2 FBW_STATUS 0 0 0 362 0 4398
48.590 2 GPS 0 0 0 0 0 0 0 0 0 0 1
48.592 2 ESTIMATOR 0. 0.
48.596 2 NAVIGATION 4 5 0. 0. 0. 0. 0 0
48.600 2 BAT 0 362 1023 0 0 0 42 0 0
48.620 2 ACTUATORS 0,1500,1500,0,1500,0,0,1500
48.690 2 GPS 0 0 0 0 0 0 0 0 0 0 1
48.692 2 ESTIMATOR 0. 0.
48.772 2 NAVIGATION 4 5 0. 0. 0. 0. 0 0
48.774 2 COMMANDS 0,0,0,0
48.790 2 GPS 0 0 0 0 0 0 0 0 0 0 1
48.792 2 ESTIMATOR 0. 0.
48.873 2 ACTUATORS 0,1500,1500,0,1500,0,0,1500
48.890 2 GPS 0 0 0 0 0 0 0 0 0 0 1
48.891 2 ESTIMATOR 0. 0.
48.896 2 ATTITUDE 0.095989 0. -1.317619
48.988 2 DOWNLINK_STATUS 49 46566 2124 0 977. 45. 6.62
48.990 2 GPS 0 0 0 0 0 0 0 0 0 0 1
48.992 2 ESTIMATOR 0. 0.
48.996 2 WP_MOVED 0 374931. 4223100. 75. 18
49.022 2 NAVIGATION 4 5 0. 0. 0. 0. 0 0
49.024 2 COMMANDS 0,0,0,0
49.091 2 GPS 0 0 0 0 0 0 0 0 0 0 1
49.092 2 ESTIMATOR 0. 0.
49.094 2 CALIBRATION 0. 0
49.122 2 ACTUATORS 0,1500,1500,0,1500,0,0,1500
49.190 2 GPS 0 0 0 0 0 0 0 0 0 0 1
49.192 2 ESTIMATOR 0. 0.
49.270 2 COMMANDS 0,0,0,0
49.274 2 NAVIGATION 4 5 0. 0. 0. 0. 0 0
49.290 2 GPS 0 0 0 0 0 0 0 0 0 0 1
49.292 2 ESTIMATOR 0. 0.
49.374 2 ACTUATORS 0,1500,1500,0,1500,0,0,1500
49.390 2 GPS 0 0 0 0 0 0 0 0 0 0 1
49.392 2 ESTIMATOR 0. 0.
49.394 2 ATTITUDE 0.095989 0. -1.317619
49.398 2 IR_SENSORS 511 -449 -960 62 511
