1.062 1 ATTITUDE 0.569594 0. -1.081954
1.064 1 STATE_FILTER_STATUS 3 1533
1.162 1 ESTIMATOR 0. 0.
1.198 1 NAVIGATION 0 2 0. 0. 0. 0. 0 0
1.216 1 GPS 0 0 0 0 0 0 0 0 0 0 1
1.264 1 WP_MOVED 3 360295.09375 4813785. 75. 31
1.266 1 NAVIGATION_REF 360285 4813595 31
1.316 1 DESIRED 0.01 -0.21 0. 0. 0. 50. 0. 18.
1.364 1 IR_SENSORS 511 -66 -577 445 511
1.448 1 NAVIGATION 0 2 0. 0. 0. 0. 0 0
1.466 1 GPS 0 0 0 0 0 0 0 0 0 0 1
1.470 1 NAVIGATION 0 2 0. 0. 0. 0. 0 0
1.564 1 ATTITUDE 0.569594 0. -1.081954
1.662 1 ESTIMATOR 0. 0.
1.698 1 NAVIGATION 0 2 0. 0. 0. 0. 0 0
1.716 1 GPS 0 0 0 0 0 0 0 0 0 0 1
1.764 1 WP_MOVED 4 360417.3125 4813734. 75. 31
1.766 1 DL_VALUE 4 0.
1.948 1 NAVIGATION 0 2 0. 0. 0. 0. 0 0
1.950 1 FBW_STATUS 0 49 1 182 0
1.966 1 GPS 0 0 0 0 0 0 0 0 0 0 1
1.970 1 BAT 2700 182 0 0 1 452 0 0
1.972 1 CALIBRATION 0. 0
1.978 1 DOWNLINK_STATUS 2 1075 49 0 500. 23. 0.
2.064 1 ATTITUDE 0.569594 0. -1.081954
2.162 1 ESTIMATOR 0. 0.
2.198 1 NAVIGATION 0 2 0. 0. 0. 0. 0 0
2.216 1 GPS 0 0 0 0 0 0 0 0 0 0 1
2.264 1 WP_MOVED 5 360422. 4813583.5 75. 31
2.366 1 DESIRED 0.01 -0.21 0. 0. 0. 50. 0. 18.
2.370 1 GPS_SOL 0 0 0 0
2.448 1 NAVIGATION 0 2 0. 0. 0. 0. 0 0
2.466 1 GPS 0 0 0 0 0 0 0 0 0 0 1
2.470 1 NAVIGATION 0 2 0. 0. 0. 0. 0 0
2.564 1 ATTITUDE 0.569594 0. -1.081954
2.566 1 IR_SENSORS 511 -66 -577 445 511
2.675 1 ESTIMATOR 0. 0.
2.699 1 NAVIGATION 0 2 0. 0. 0. 0. 0 0
2.717 1 GPS 0 0 0 0 0 0 0 0 0 0 1
2.763 1 WP_MOVED 6 360165.8125 4813664.5 75. 31
2.949 1 NAVIGATION 0 2 0. 0. 0. 0. 0 0
2.967 1 GPS 0 0 0 0 0 0 0 0 0 0 1
2.979 1 DOWNLINK_STATUS 3 1512 67 0 437. 18. 0.
3.063 1 ATTITUDE 0.569594 0. -1.081954
3.067 1 BAT 2700 182 0 0 1 453 0 0
3.163 1 ESTIMATOR 0. 0.
3.167 1 ENERGY 18.200001 0. 0 0.
3.197 1 NAVIGATION 0 2 0. 0. 0. 0. 0 0
3.217 1 GPS 0 0 0 0 0 0 0 0 0 0 1
3.263 1 WP_MOVED 7 360559.40625 4813804.5 75. 31
3.265 1 DL_VALUE 5 0.
3.417 1 DESIRED 0.01 -0.21 0. 0. 0. 50. 0. 18.
3.449 1 NAVIGATION 0 2 0. 0. 0. 0. 0 0
3.467 1 GPS 0 0 0 0 0 0 0 0 0 0 1
3.471 1 NAVIGATION 0 2 0. 0. 0. 0. 0 0
3.563 1 ATTITUDE 0.569594 0. -1.081954
3.663 1 ESTIMATOR 0. 0.
3.697 1 NAVIGATION 0 2 0. 0. 0. 0. 0 0
3.715 1 GPS 0 0 0 0 0 0 0 0 0 0 1
3.763 1 WP_MOVED 8 360462.40625 4813640. 30. 31
3.767 1 IR_SENSORS 511 -66 -577 445 511
3.945 1 FBW_STATUS 0 49 1 182 0
3.951 1 NAVIGATION 0 2 0. 0. 0. 0. 0 0
3.965 1 GPS 0 0 0 0 0 0 0 0 0 0 1
3.980 1 DOWNLINK_STATUS 4 1997 88 0 485. 21. 0.
4.063 1 ATTITUDE 0.569594 0. -1.081954
4.065 1 CALIBRATION 0. 0
4.163 1 ESTIMATOR 0. 0.
4.167 1 BAT 2700 182 0 0 1 454 0 0
4.197 1 NAVIGATION 0 2 0. 0. 0. 0. 0 0
4.215 1 GPS 0 0 0 0 0 0 0 0 0 0 1
4.263 1 WP_MOVED 9 360313.8125 4813652. 0. 31
4.363 1 GPS_SOL 0 0 0 0
4.447 1 NAVIGATION 0 2 0. 0. 0. 0. 0 0
4.465 1 GPS 0 0 0 0 0 0 0 0 0 0 1
4.471 1 NAVIGATION 0 2 0. 0. 0. 0. 0 0
4.477 1 DESIRED 0.01 -0.21 0. 0. 0. 50. 0. 18.
4.563 1 ATTITUDE 0.569594 0. -1.081954
4.666 1 ESTIMATOR 0. 0.
4.697 1 NAVIGATION 0 2 0. 0. 0. 0. 0 0
4.715 1 GPS 0 0 0 0 0 0 0 0 0 0 1
4.763 1 WP_MOVED 10 360453.8125 4813581. 75. 31
4.764 1 DL_VALUE 6 100.
4.947 1 NAVIGATION 0 2 0. 0. 0. 0. 0 0
4.965 1 GPS 0 0 0 0 0 0 0 0 0 0 1
4.969 1 IR_SENSORS 511 -66 -577 445 511
4.981 1 DOWNLINK_STATUS 5 2476 109 0 479. 21. 0.
5.047 1 COMMANDS 2700,8917,-1425,-4507,0
5.063 1 ATTITUDE 0.569594 0. -1.081954
5.065 1 DOWNLINK 0 494 9890
5.147 1 ACTUATORS 1281,1654,1734,0,1426,0,1500,1964
5.165 1 ESTIMATOR 0. 0.
5.197 1 NAVIGATION 0 2 0. 0. 0. 0. 0 0
5.215 1 GPS 0 0 0 0 0 0 0 0 0 0 1
5.263 1 WP_MOVED 11 360170.5 4813757.5 75. 31
5.267 1 BAT 2700 182 0 0 1 455 0 0
5.447 1 NAVIGATION 0 2 0. 0. 0. 0. 0 0
5.465 1 GPS 0 0 0 0 0 0 0 0 0 0 1
5.471 1 NAVIGATION 0 2 0. 0. 0. 0. 0 0
5.483 1 PONG 
5.517 1 DESIRED 0.01 -0.21 0. 0. 0. 50. 0. 18.
5.563 1 ATTITUDE 0.569594 0. -1.081954
5.663 1 ESTIMATOR 0. 0.
5.665 1 ENERGY 18.200001 0. 0 0.
5.697 1 NAVIGATION 0 2 0. 0. 0. 0. 0 0
5.715 1 GPS 0 0 0 0 0 0 0 0 0 0 1
5.763 1 WP_MOVED 0 360327. 4813637. 75. 31
5.767 1 ALIVE 198,172,38,129,106,172,155,51,18,87,56,130,169,157,53,243
5.863 1 PPRZ_MODE 1 0 0 0 0 21
5.945 1 FBW_STATUS 0 49 1 182 0
5.951 1 NAVIGATION 0 2 0. 0. 0. 0. 0 0
5.965 1 GPS 0 0 0 0 0 0 0 0 0 0 1
5.981 1 DOWNLINK_STATUS 6 3026 134 0 550. 25. 4.76
6.063 1 ATTITUDE 0.569594 0. -1.081954
6.065 1 STATE_FILTER_STATUS 3 1533
6.163 1 ESTIMATOR 0. 0.
6.165 1 IR_SENSORS 511 -66 -577 445 511
6.167 1 CALIBRATION 0. 0
6.197 1 NAVIGATION 0 2 0. 0. 0. 0. 0 0
6.215 1 GPS 0 0 0 0 0 0 0 0 0 0 1
6.263 1 WP_MOVED 1 360285. 4813595. 75. 31
6.265 1 DL_VALUE 7 1.
6.363 1 BAT 2700 182 0 0 1 456 0 0
6.367 1 GPS_SOL 0 0 0 0
6.447 1 NAVIGATION 0 2 0. 0. 0. 0. 0 0
6.465 1 GPS 0 0 0 0 0 0 0 0 0 0 1
6.471 1 NAVIGATION 0 2 0. 0. 0. 0. 0 0
6.563 1 ATTITUDE 0.569594 0. -1.081954
6.569 1 DESIRED 0.01 -0.21 0. 0. 0. 50. 0. 18.
6.663 1 ESTIMATOR 0. 0.
6.697 1 NAVIGATION 0 2 0. 0. 0. 0. 0 0
6.715 1 GPS 0 0 0 0 0 0 0 0 0 0 1
6.763 1 WP_MOVED 2 360334.5 4813695. 75. 31
6.947 1 NAVIGATION 0 2 0. 0. 0. 0. 0 0
6.965 1 GPS 0 0 0 0 0 0 0 0 0 0 1
6.982 1 DOWNLINK_STATUS 7 3514 156 0 488. 22. 4.76
7.062 1 ATTITUDE 0.569594 0. -1.081954
7.162 1 ESTIMATOR 0. 0.
7.198 1 NAVIGATION 0 2 0. 0. 0. 0. 0 0
7.216 1 GPS 0 0 0 0 0 0 0 0 0 0 1
7.264 1 WP_MOVED 3 360295.09375 4813785. 75. 31
7.362 1 IR_SENSORS 511 -66 -577 445 511
7.448 1 NAVIGATION 0 2 0. 0. 0. 0. 0 0
7.466 1 GPS 0 0 0 0 0 0 0 0 0 0 1
7.470 1 NAVIGATION 0 2 0. 0. 0. 0. 0 0
7.474 1 BAT 2700 182 0 0 1 457 0 0
7.562 1 ATTITUDE 0.569594 0. -1.081954
7.616 1 DESIRED 0.01 -0.21 0. 0. 0. 50. 0. 18.
7.662 1 ESTIMATOR 0. 0.
7.698 1 NAVIGATION 0 2 0. 0. 0. 0. 0 0
7.716 1 GPS 0 0 0 0 0 0 0 0 0 0 1
7.764 1 WP_MOVED 4 360417.3125 4813734. 75. 31
7.765 1 DL_VALUE 8 1.
7.946 1 FBW_STATUS 0 49 1 182 0
7.950 1 NAVIGATION 0 2 0. 0. 0. 0. 0 0
7.966 1 GPS 0 0 0 0 0 0 0 0 0 0 1
7.983 1 DOWNLINK_STATUS 8 3979 176 0 465. 20. 4.76
8.062 1 ATTITUDE 0.569594 0. -1.081954
8.162 1 ESTIMATOR 0. 0.
8.166 1 ENERGY 18.200001 0. 0 0.
8.198 1 NAVIGATION 0 2 0. 0. 0. 0. 0 0
8.214 1 GPS 0 0 0 0 0 0 0 0 0 0 1
8.264 1 WP_MOVED 5 360422. 4813583.5 75. 31
8.265 1 CALIBRATION 0. 0
8.362 1 GPS_SOL 0 0 0 0
8.448 1 NAVIGATION 0 2 0. 0. 0. 0. 0 0
8.466 1 GPS 0 0 0 0 0 0 0 0 0 0 1
8.470 1 NAVIGATION 0 2 0. 0. 0. 0. 0 0
8.562 1 ATTITUDE 0.569594 0. -1.081954
8.566 1 BAT 2700 182 0 0 1 458 0 0
8.568 1 IR_SENSORS 511 -66 -577 445 511
8.662 1 ESTIMATOR 0. 0.
8.668 1 DESIRED 0.01 -0.21 0. 0. 0. 50. 0. 18.
8.698 1 NAVIGATION 0 2 0. 0. 0. 0. 0 0
8.716 1 GPS 0 0 0 0 0 0 0 0 0 0 1
8.762 1 WP_MOVED 6 360165.8125 4813664.5 75. 31
8.948 1 NAVIGATION 0 2 0. 0. 0. 0. 0 0
8.966 1 GPS 0 0 0 0 0 0 0 0 0 0 1
8.983 1 DOWNLINK_STATUS 9 4467 197 0 488. 21. 4.76
9.062 1 ATTITUDE 0.569594 0. -1.081954
9.162 1 ESTIMATOR 0. 0.
9.198 1 NAVIGATION 0 2 0. 0. 0. 0. 0 0
9.216 1 GPS 0 0 0 0 0 0 0 0 0 0 1
9.264 1 WP_MOVED 7 360559.40625 4813804.5 75. 31
9.265 1 DL_VALUE 9 1.
9.447 1 NAVIGATION 0 2 0. 0. 0. 0. 0 0
9.464 1 GPS 0 0 0 0 0 0 0 0 0 0 1
9.470 1 NAVIGATION 0 2 0. 0. 0. 0. 0 0
9.562 1 ATTITUDE 0.569594 0. -1.081954
9.662 1 ESTIMATOR 0. 0.
9.664 1 BAT 2700 182 0 0 1 459 0 0
9.697 1 NAVIGATION 0 2 0. 0. 0. 0. 0 0
9.715 1 GPS 0 0 0 0 0 0 0 0 0 0 1
9.722 1 DESIRED 0.01 -0.21 0. 0. 0. 50. 0. 18.
9.764 1 WP_MOVED 8 360462.40625 4813640. 30. 31
9.766 1 IR_SENSORS 511 -66 -577 445 511
9.945 1 FBW_STATUS 0 49 1 182 0
9.950 1 NAVIGATION 0 2 0. 0. 0. 0. 0 0
9.966 1 GPS 0 0 0 0 0 0 0 0 0 0 1
9.984 1 DOWNLINK_STATUS 10 4932 217 0 465. 20. 4.76
10.046 1 COMMANDS 2700,8917,-1425,-4507,0
10.062 1 ATTITUDE 0.569594 0. -1.081954
10.146 1 ACTUATORS 1281,1654,1734,0,1426,0,1500,1964
10.162 1 ESTIMATOR 0. 0.
10.164 1 DOWNLINK 0 488 10000
10.196 1 NAVIGATION 0 2 0. 0. 0. 0. 0 0
10.214 1 GPS 0 0 0 0 0 0 0 0 0 0 1
10.262 1 WP_MOVED 9 360313.8125 4813652. 0. 31
10.266 1 NAVIGATION_REF 360285 4813595 31
10.362 1 GPS_SOL 0 0 0 0
10.364 1 CALIBRATION 0. 0
10.446 1 NAVIGATION 0 2 0. 0. 0. 0. 0 0
10.464 1 GPS 0 0 0 0 0 0 0 0 0 0 1
10.470 1 NAVIGATION 0 2 0. 0. 0. 0. 0 0
10.484 1 PONG 
10.562 1 ATTITUDE 0.568708 0. -1.082814
10.662 1 ESTIMATOR 0. 0.
10.666 1 ENERGY 18.200001 0. 0 0.
10.696 1 NAVIGATION 0 2 0. 0. 0. 0. 0 0
10.714 1 GPS 0 0 0 0 0 0 0 0 0 0 1
10.762 1 WP_MOVED 10 360453.8125 4813581. 75. 31
10.768 1 DESIRED 0.01 -0.21 0. 0. 0. 50. 0. 18.
10.772 1 BAT 2700 182 0 0 1 460 0 0
10.774 1 DL_VALUE 10 0.
10.778 1 ALIVE 198,172,38,129,106,172,155,51,18,87,56,130,169,157,53,243
10.862 1 PPRZ_MODE 1 0 0 0 0 21
10.946 1 NAVIGATION 0 2 0. 0. 0. 0. 0 0
10.964 1 GPS 0 0 0 0 0 0 0 0 0 0 1
10.968 1 IR_SENSORS 511 -66 -577 445 511
10.985 1 DOWNLINK_STATUS 11 5538 246 0 606. 29. 5.96
11.062 1 ATTITUDE 0.569594 0. -1.081954
11.064 1 STATE_FILTER_STATUS 3 1533
11.162 1 ESTIMATOR 0. 0.
11.196 1 NAVIGATION 0 2 0. 0. 0. 0. 0 0
11.214 1 GPS 0 0 0 0 0 0 0 0 0 0 1
11.219 1 WIND_INFO 1 42 0. 0. 0.
11.262 1 WP_MOVED 11 360170.5 4813757.5 75. 31
11.446 1 NAVIGATION 0 2 0. 0. 0. 0. 0 0
11.464 1 GPS 0 0 0 0 0 0 0 0 0 0 1
11.470 1 NAVIGATION 0 2 0. 0. 0. 0. 0 0
11.562 1 ATTITUDE 0.569594 0. -1.081954
11.662 1 ESTIMATOR 0. 0.
11.696 1 NAVIGATION 0 2 0. 0. 0. 0. 0 0
11.714 1 GPS 0 0 0 0 0 0 0 0 0 0 1
11.762 1 WP_MOVED 0 360327. 4813637. 75. 31
11.816 1 DESIRED 0.01 -0.21 0. 0. 0. 50. 0. 18.
11.862 1 BAT 2700 182 0 0 1 461 0 0
11.944 1 FBW_STATUS 0 49 1 182 0
11.950 1 NAVIGATION 0 2 0. 0. 0. 0. 0 0
11.964 1 GPS 0 0 0 0 0 0 0 0 0 0 1
11.985 1 DOWNLINK_STATUS 12 5985 265 0 447. 19. 5.96
12.062 1 ATTITUDE 0.569594 0. -1.081954
12.162 1 ESTIMATOR 0. 0.
12.164 1 IR_SENSORS 511 -66 -577 445 511
12.196 1 NAVIGATION 0 2 0. 0. 0. 0. 0 0
12.214 1 GPS 0 0 0 0 0 0 0 0 0 0 1
12.262 1 WP_MOVED 1 360285. 4813595. 75. 31
12.264 1 DL_VALUE 0 0.
12.362 1 GPS_SOL 0 0 0 0
12.446 1 NAVIGATION 0 2 0. 0. 0. 0. 0 0
12.464 1 GPS 0 0 0 0 0 0 0 0 0 0 1
12.470 1 NAVIGATION 0 2 0. 0. 0. 0. 0 0
12.472 1 CALIBRATION 0. 0
12.562 1 ATTITUDE 0.569594 0. -1.081954
12.662 1 ESTIMATOR 0. 0.
12.696 1 NAVIGATION 0 2 0. 0. 0. 0. 0 0
12.714 1 GPS 0 0 0 0 0 0 0 0 0 0 1
12.762 1 WP_MOVED 2 360334.5 4813695. 75. 31
12.866 1 DESIRED 0.01 -0.21 0. 0. 0. 50. 0. 18.
12.946 1 NAVIGATION 0 2 0. 0. 0. 0. 0 0
12.964 1 GPS 0 0 0 0 0 0 0 0 0 0 1
12.968 1 BAT 2700 182 0 0 1 463 0 0
12.986 1 DOWNLINK_STATUS 13 6464 286 0 479. 21. 5.96
13.062 1 ATTITUDE 0.569594 0. -1.081954
13.162 1 ESTIMATOR 0. 0.
13.164 1 ENERGY 18.200001 0. 0 0.
13.196 1 NAVIGATION 0 2 0. 0. 0. 0. 0 0
13.214 1 GPS 0 0 0 0 0 0 0 0 0 0 1
13.262 1 WP_MOVED 3 360295.09375 4813785. 75. 31
13.362 1 IR_SENSORS 511 -66 -577 445 511
13.446 1 NAVIGATION 0 2 0. 0. 0. 0. 0 0
13.464 1 GPS 0 0 0 0 0 0 0 0 0 0 1
13.471 1 NAVIGATION 0 2 0. 0. 0. 0. 0 0
13.562 1 ATTITUDE 0.569594 0. -1.081954
13.662 1 ESTIMATOR 0. 0.
13.697 1 NAVIGATION 0 2 0. 0. 0. 0. 0 0
13.714 1 GPS 0 0 0 0 0 0 0 0 0 0 1
13.762 1 WP_MOVED 4 360417.3125 4813734. 75. 31
13.764 1 DL_VALUE 1 0.
13.916 1 DESIRED 0.01 -0.21 0. 0. 0. 50. 0. 18.
13.944 1 FBW_STATUS 0 49 1 182 0
13.950 1 NAVIGATION 0 2 0. 0. 0. 0. 0 0
13.966 1 GPS 0 0 0 0 0 0 0 0 0 0 1
13.986 1 DOWNLINK_STATUS 14 6929 306 0 465. 20. 5.96
14.062 1 ATTITUDE 0.569594 0. -1.081954
14.066 1 BAT 2700 182 0 0 1 464 0 0
14.162 1 ESTIMATOR 0. 0.
14.196 1 NAVIGATION 0 2 0. 0. 0. 0. 0 0
14.216 1 GPS 0 0 0 0 0 0 0 0 0 0 1
14.262 1 WP_MOVED 5 360422. 4813583.5 75. 31
14.362 1 GPS_SOL 0 0 0 0
14.448 1 NAVIGATION 0 2 0. 0. 0. 0. 0 0
14.466 1 GPS 0 0 0 0 0 0 0 0 0 0 1
14.470 1 NAVIGATION 0 2 0. 0. 0. 0. 0 0
14.562 1 ATTITUDE 0.569594 0. -1.081954
14.566 1 IR_SENSORS 511 -66 -577 445 511
14.568 1 CALIBRATION 0. 0
14.662 1 ESTIMATOR 0. 0.
14.696 1 NAVIGATION 0 2 0. 0. 0. 0. 0 0
14.714 1 GPS 0 0 0 0 0 0 0 0 0 0 1
14.762 1 WP_MOVED 6 360165.8125 4813664.5 75. 31
14.946 1 NAVIGATION 0 2 0. 0. 0. 0. 0 0
14.964 1 GPS 0 0 0 0 0 0 0 0 0 0 1
14.972 1 DESIRED 0.01 -0.21 0. 0. 0. 50. 0. 18.
14.987 1 DOWNLINK_STATUS 15 7397 326 0 468. 20. 5.96
15.046 1 COMMANDS 2700,8917,-1425,-4507,0
15.062 1 ATTITUDE 0.569594 0. -1.081954
15.146 1 ACTUATORS 1281,1654,1734,0,1426,0,1500,1964
15.162 1 ESTIMATOR 0. 0.
15.164 1 BAT 2700 182 0 0 1 465 0 0
15.196 1 NAVIGATION 0 2 0. 0. 0. 0. 0 0
15.214 1 GPS 0 0 0 0 0 0 0 0 0 0 1
15.262 1 WP_MOVED 7 360559.40625 4813804.5 75. 31
15.264 1 DL_VALUE 2 50.
15.266 1 DOWNLINK 0 504 10114
15.446 1 NAVIGATION 0 2 0. 0. 0. 0. 0 0
15.464 1 GPS 0 0 0 0 0 0 0 0 0 0 1
15.470 1 NAVIGATION 0 2 0. 0. 0. 0. 0 0
15.486 1 PONG 
15.563 1 ATTITUDE 0.569594 0. -1.081954
15.661 1 ESTIMATOR 0. 0.
15.665 1 ENERGY 18.200001 0. 0 0.
15.697 1 NAVIGATION 0 2 0. 0. 0. 0. 0 0
15.715 1 GPS 0 0 0 0 0 0 0 0 0 0 1
15.763 1 WP_MOVED 8 360462.40625 4813640. 30. 31
15.765 1 IR_SENSORS 511 -66 -577 445 511
15.769 1 ALIVE 198,172,38,129,106,172,155,51,18,87,56,130,169,157,53,243
15.868 1 PPRZ_MODE 1 0 0 0 0 21
15.944 1 FBW_STATUS 0 48 1 182 0
15.948 1 NAVIGATION 0 2 0. 0. 0. 0. 0 0
15.964 1 GPS 0 0 0 0 0 0 0 0 0 0 1
15.987 1 DOWNLINK_STATUS 16 7936 352 0 539. 26. 6.71
16.016 1 DESIRED 0.01 -0.21 0. 0. 0. 50. 0. 18.
16.062 1 ATTITUDE 0.569594 0. -1.081954
16.064 1 STATE_FILTER_STATUS 3 1533
16.162 1 ESTIMATOR 0. 0.
16.196 1 NAVIGATION 0 2 0. 0. 0. 0. 0 0
16.214 1 GPS 0 0 0 0 0 0 0 0 0 0 1
16.262 1 WP_MOVED 9 360313.8125 4813652. 0. 31
16.266 1 BAT 2700 182 0 0 1 466 0 0
16.362 1 GPS_SOL 0 0 0 0
16.446 1 NAVIGATION 0 2 0. 0. 0. 0. 0 0
16.464 1 GPS 0 0 0 0 0 0 0 0 0 0 1
16.468 1 NAVIGATION 0 2 0. 0. 0. 0. 0 0
16.562 1 ATTITUDE 0.569594 0. -1.081954
16.660 1 ESTIMATOR 0. 0.
16.664 1 CALIBRATION 0. 0
16.696 1 NAVIGATION 0 2 0. 0. 0. 0. 0 0
16.714 1 GPS 0 0 0 0 0 0 0 0 0 0 1
16.762 1 WP_MOVED 10 360453.8125 4813581. 75. 31
16.764 1 DL_VALUE 3 107.027
16.946 1 NAVIGATION 0 2 0. 0. 0. 0. 0 0
16.964 1 GPS 0 0 0 0 0 0 0 0 0 0 1
16.966 1 IR_SENSORS 511 -66 -577 445 511
16.988 1 DOWNLINK_STATUS 17 8424 374 0 488. 22. 6.71
17.062 1 ATTITUDE 0.569594 0. -1.081954
17.068 1 DESIRED 0.01 -0.21 0. 0. 0. 50. 0. 18.
17.162 1 ESTIMATOR 0. 0.
17.196 1 NAVIGATION 0 2 0. 0. 0. 0. 0 0
17.214 1 GPS 0 0 0 0 0 0 0 0 0 0 1
17.262 1 WP_MOVED 11 360170.5 4813757.5 75. 31
17.362 1 BAT 2700 182 0 0 1 467 0 0
17.446 1 NAVIGATION 0 2 0. 0. 0. 0. 0 0
17.464 1 GPS 0 0 0 0 0 0 0 0 0 0 1
17.468 1 NAVIGATION 0 2 0. 0. 0. 0. 0 0
17.562 1 ATTITUDE 0.569594 0. -1.081954
17.662 1 ESTIMATOR 0. 0.
17.696 1 NAVIGATION 0 2 0. 0. 0. 0. 0 0
17.714 1 GPS 0 0 0 0 0 0 0 0 0 0 1
17.762 1 WP_MOVED 0 360327. 4813637. 75. 31
17.944 1 FBW_STATUS 0 50 1 182 0
17.948 1 NAVIGATION 0 2 0. 0. 0. 0. 0 0
17.964 1 GPS 0 0 0 0 0 0 0 0 0 0 1
17.989 1 DOWNLINK_STATUS 18 8862 392 0 438. 18. 6.71
18.062 1 ATTITUDE 0.568708 0. -1.082814
18.116 1 DESIRED 0.01 -0.21 0. 0. 0. 50. 0. 18.
18.162 1 ESTIMATOR 0. 0.
18.164 1 IR_SENSORS 511 -66 -577 445 511
18.168 1 ENERGY 18.200001 0. 0 0.
18.196 1 NAVIGATION 0 2 0. 0. 0. 0. 0 0
18.214 1 GPS 0 0 0 0 0 0 0 0 0 0 1
18.262 1 WP_MOVED 1 360285. 4813595. 75. 31
18.264 1 DL_VALUE 4 0.
18.362 1 GPS_SOL 0 0 0 0
18.446 1 NAVIGATION 0 2 0. 0. 0. 0. 0 0
18.464 1 GPS 0 0 0 0 0 0 0 0 0 0 1
18.468 1 NAVIGATION 0 2 0. 0. 0. 0. 0 0
18.472 1 BAT 2700 182 0 0 1 468 0 0
18.562 1 ATTITUDE 0.569594 0. -1.081954
18.660 1 ESTIMATOR 0. 0.
18.696 1 NAVIGATION 0 2 0. 0. 0. 0. 0 0
18.714 1 GPS 0 0 0 0 0 0 0 0 0 0 1
18.762 1 WP_MOVED 2 360334.5 4813695. 75. 31
18.764 1 CALIBRATION 0. 0
18.946 1 NAVIGATION 0 2 0. 0. 0. 0. 0 0
18.964 1 GPS 0 0 0 0 0 0 0 0 0 0 1
18.990 1 DOWNLINK_STATUS 19 9361 414 0 499. 22. 6.71
19.062 1 ATTITUDE 0.569594 0. -1.081954
19.160 1 ESTIMATOR 0. 0.
19.168 1 DESIRED 0.01 -0.21 0. 0. 0. 50. 0. 18.
19.196 1 NAVIGATION 0 2 0. 0. 0. 0. 0 0
19.214 1 GPS 0 0 0 0 0 0 0 0 0 0 1
19.262 1 WP_MOVED 3 360295.09375 4813785. 75. 31
19.264 1 NAVIGATION_REF 360285 4813595 31
19.362 1 IR_SENSORS 511 -66 -577 445 511
19.446 1 NAVIGATION 0 2 0. 0. 0. 0. 0 0
19.464 1 GPS 0 0 0 0 0 0 0 0 0 0 1
19.468 1 NAVIGATION 0 2 0. 0. 0. 0. 0 0
19.562 1 ATTITUDE 0.569594 0. -1.081954
19.566 1 BAT 2700 182 0 0 1 469 0 0
19.660 1 ESTIMATOR 0. 0.
19.696 1 NAVIGATION 0 2 0. 0. 0. 0. 0 0
19.714 1 GPS 0 0 0 0 0 0 0 0 0 0 1
19.762 1 WP_MOVED 4 360417.3125 4813734. 75. 31
19.764 1 DL_VALUE 5 0.
19.944 1 FBW_STATUS 0 50 1 182 0
19.948 1 NAVIGATION 0 2 0. 0. 0. 0. 0 0
19.964 1 GPS 0 0 0 0 0 0 0 0 0 0 1
19.991 1 DOWNLINK_STATUS 20 9841 435 0 480. 21. 6.71
20.045 1 COMMANDS 2700,8917,-1425,-4507,0
20.062 1 ATTITUDE 0.569594 0. -1.081954
20.146 1 ACTUATORS 1281,1654,1734,0,1426,0,1500,1964
20.160 1 ESTIMATOR 0. 0.
20.196 1 NAVIGATION 0 2 0. 0. 0. 0. 0 0
20.214 1 GPS 0 0 0 0 0 0 0 0 0 0 1
20.220 1 DESIRED 0.01 -0.21 0. 0. 0. 50. 0. 18.
20.262 1 WP_MOVED 5 360422. 4813583.5 75. 31
20.362 1 GPS_SOL 0 0 0 0
20.362 1 DOWNLINK 0 483 10223
20.446 1 NAVIGATION 0 2 0. 0. 0. 0. 0 0
20.464 1 GPS 0 0 0 0 0 0 0 0 0 0 1
20.468 1 NAVIGATION 0 2 0. 0. 0. 0. 0 0
20.484 1 PONG 
20.562 1 ATTITUDE 0.569594 0. -1.081954
20.564 1 IR_SENSORS 511 -66 -577 445 511
20.660 1 ESTIMATOR 0. 0.
20.664 1 BAT 2700 182 0 0 1 470 0 0
20.668 1 ENERGY 18.200001 0. 0 0.
20.696 1 NAVIGATION 0 2 0. 0. 0. 0. 0 0
20.714 1 GPS 0 0 0 0 0 0 0 0 0 0 1
20.762 1 WP_MOVED 6 360165.8125 4813664.5 75. 31
20.766 1 ALIVE 198,172,38,129,106,172,155,51,18,87,56,130,169,157,53,243
20.860 1 CALIBRATION 0. 0
20.862 1 PPRZ_MODE 1 0 0 0 0 21
20.946 1 NAVIGATION 0 2 0. 0. 0. 0. 0 0
20.964 1 GPS 0 0 0 0 0 0 0 0 0 0 1
20.991 1 DOWNLINK_STATUS 21 10421 462 0 580. 27. 4.8
21.062 1 ATTITUDE 0.569594 0. -1.081954
21.064 1 STATE_FILTER_STATUS 3 1533
21.160 1 ESTIMATOR 0. 0.
21.196 1 NAVIGATION 0 2 0. 0. 0. 0. 0 0
21.214 1 GPS 0 0 0 0 0 0 0 0 0 0 1
21.219 1 WIND_INFO 1 42 0. 0. 0.
21.262 1 WP_MOVED 7 360559.40625 4813804.5 75. 31
21.268 1 DESIRED 0.01 -0.21 0. 0. 0. 50. 0. 18.
21.270 1 DL_VALUE 6 100.
21.446 1 NAVIGATION 0 2 0. 0. 0. 0. 0 0
21.464 1 GPS 0 0 0 0 0 0 0 0 0 0 1
21.468 1 NAVIGATION 0 2 0. 0. 0. 0. 0 0
21.562 1 ATTITUDE 0.569594 0. -1.081954
21.660 1 ESTIMATOR 0. 0.
21.696 1 NAVIGATION 0 2 0. 0. 0. 0. 0 0
21.714 1 GPS 0 0 0 0 0 0 0 0 0 0 1
21.762 1 WP_MOVED 8 360462.40625 4813640. 30. 31
21.766 1 BAT 2700 182 0 0 1 471 0 0
21.768 1 IR_SENSORS 511 -67 -578 444 511
21.946 1 NAVIGATION 0 2 0. 0. 0. 0. 0 0
21.948 1 FBW_STATUS 0 49 1 182 0
21.964 1 GPS 0 0 0 0 0 0 0 0 0 0 1
21.992 1 DOWNLINK_STATUS 22 10895 483 0 474. 21. 4.8
22.062 1 ATTITUDE 0.569594 0. -1.081954
22.160 1 ESTIMATOR 0. 0.
22.196 1 NAVIGATION 0 2 0. 0. 0. 0. 0 0
22.214 1 GPS 0 0 0 0 0 0 0 0 0 0 1
22.262 1 WP_MOVED 9 360313.8125 4813652. 0. 31
22.314 1 DESIRED 0.01 -0.21 0. 0. 0. 50. 0. 18.
22.362 1 GPS_SOL 0 0 0 0
22.446 1 NAVIGATION 0 2 0. 0. 0. 0. 0 0
22.464 1 GPS 0 0 0 0 0 0 0 0 0 0 1
22.468 1 NAVIGATION 0 2 0. 0. 0. 0. 0 0
22.562 1 ATTITUDE 0.569594 0. -1.081954
22.660 1 ESTIMATOR 0. 0.
22.696 1 NAVIGATION 0 2 0. 0. 0. 0. 0 0
22.714 1 GPS 0 0 0 0 0 0 0 0 0 0 1
22.762 1 WP_MOVED 10 360453.8125 4813581. 75. 31
22.764 1 DL_VALUE 7 1.
22.862 1 BAT 2700 182 0 0 1 472 0 0
22.946 1 NAVIGATION 0 2 0. 0. 0. 0. 0 0
22.964 1 GPS 0 0 0 0 0 0 0 0 0 0 1
22.966 1 IR_SENSORS 511 -66 -577 445 511
22.968 1 CALIBRATION 0. 0
22.992 1 DOWNLINK_STATUS 23 11374 504 0 479. 21. 4.8
23.062 1 ATTITUDE 0.569594 0. -1.081954
23.160 1 ESTIMATOR 0. 0.
23.164 1 ENERGY 18.200001 0. 0 0.
23.196 1 NAVIGATION 0 2 0. 0. 0. 0. 0 0
23.214 1 GPS 0 0 0 0 0 0 0 0 0 0 1
23.262 1 WP_MOVED 11 360170.5 4813757.5 75. 31
23.364 1 DESIRED 0.01 -0.21 0. 0. 0. 50. 0. 18.
23.446 1 NAVIGATION 0 2 0. 0. 0. 0. 0 0
23.464 1 GPS 0 0 0 0 0 0 0 0 0 0 1
23.468 1 NAVIGATION 0 2 0. 0. 0. 0. 0 0
23.562 1 ATTITUDE 0.569594 0. -1.081954
23.660 1 ESTIMATOR 0. 0.
23.696 1 NAVIGATION 0 2 0. 0. 0. 0. 0 0
23.715 1 GPS 0 0 0 0 0 0 0 0 0 0 1
23.762 1 WP_MOVED 0 360327. 4813637. 75. 31
23.946 1 NAVIGATION 0 2 0. 0. 0. 0. 0 0
23.948 1 FBW_STATUS 0 49 1 182 0
23.964 1 GPS 0 0 0 0 0 0 0 0 0 0 1
23.968 1 BAT 2700 182 0 0 1 474 0 0
23.993 1 DOWNLINK_STATUS 24 11832 523 0 458. 19. 4.8
24.062 1 ATTITUDE 0.569594 0. -1.081954
24.160 1 ESTIMATOR 0. 0.
24.164 1 IR_SENSORS 511 -66 -577 445 511
24.196 1 NAVIGATION 0 2 0. 0. 0. 0. 0 0
24.214 1 GPS 0 0 0 0 0 0 0 0 0 0 1
24.262 1 WP_MOVED 1 360285. 4813595. 75. 31
24.264 1 DL_VALUE 8 1.
24.360 1 GPS_SOL 0 0 0 0
24.414 1 DESIRED 0.01 -0.21 0. 0. 0. 50. 0. 18.
24.446 1 NAVIGATION 0 2 0. 0. 0. 0. 0 0
24.464 1 GPS 0 0 0 0 0 0 0 0 0 0 1
24.468 1 NAVIGATION 0 2 0. 0. 0. 0. 0 0
24.560 1 ATTITUDE 0.569594 0. -1.081954
24.660 1 ESTIMATOR 0. 0.
24.696 1 NAVIGATION 0 2 0. 0. 0. 0. 0 0
24.714 1 GPS 0 0 0 0 0 0 0 0 0 0 1
24.762 1 WP_MOVED 2 360334.5 4813695. 75. 31
24.946 1 NAVIGATION 0 2 0. 0. 0. 0. 0 0
24.964 1 GPS 0 0 0 0 0 0 0 0 0 0 1
24.993 1 DOWNLINK_STATUS 25 12280 542 0 448. 19. 4.8
25.044 1 COMMANDS 2700,8917,-1425,-4507,0
25.062 1 ATTITUDE 0.569594 0. -1.081954
25.064 1 BAT 2700 182 0 0 1 475 0 0
25.066 1 CALIBRATION 0. 0
25.144 1 ACTUATORS 1281,1654,1734,0,1426,0,1500,1964
25.160 1 ESTIMATOR 0. 0.
25.196 1 NAVIGATION 0 2 0. 0. 0. 0. 0 0
25.214 1 GPS 0 0 0 0 0 0 0 0 0 0 1
25.262 1 WP_MOVED 3 360295.09375 4813785. 75. 31
25.360 1 IR_SENSORS 511 -66 -577 445 511
25.446 1 NAVIGATION 0 2 0. 0. 0. 0. 0 0
25.464 1 GPS 0 0 0 0 0 0 0 0 0 0 1
25.468 1 NAVIGATION 0 2 0. 0. 0. 0. 0 0
25.474 1 DESIRED 0.01 -0.21 0. 0. 0. 50. 0. 18.
25.476 1 DOWNLINK 0 500 10335
25.484 1 PONG 
25.560 1 ATTITUDE 0.569594 0. -1.081954
25.660 1 ESTIMATOR 0. 0.
25.664 1 ENERGY 18.200001 0. 0 0.
25.696 1 NAVIGATION 0 2 0. 0. 0. 0. 0 0
25.714 1 GPS 0 0 0 0 0 0 0 0 0 0 1
25.762 1 WP_MOVED 4 360417.3125 4813734. 75. 31
25.764 1 DL_VALUE 9 1.
25.768 1 ALIVE 198,172,38,129,106,172,155,51,18,87,56,130,169,157,53,243
25.860 1 PPRZ_MODE 1 0 0 0 0 21
25.946 1 NAVIGATION 0 2 0. 0. 0. 0. 0 0
25.948 1 FBW_STATUS 0 49 1 182 0
25.964 1 GPS 0 0 0 0 0 0 0 0 0 0 1
25.994 1 DOWNLINK_STATUS 26 12868 570 0 588. 28. 4.41
26.060 1 ATTITUDE 0.569594 0. -1.081954
26.062 1 STATE_FILTER_STATUS 3 1533
26.160 1 ESTIMATOR 0. 0.
26.164 1 BAT 2700 182 0 0 1 476 0 0
26.196 1 NAVIGATION 0 2 0. 0. 0. 0. 0 0
26.214 1 GPS 0 0 0 0 0 0 0 0 0 0 1
26.262 1 WP_MOVED 5 360422. 4813583.5 75. 31
26.360 1 GPS_SOL 0 0 0 0
26.446 1 NAVIGATION 0 2 0. 0. 0. 0. 0 0
26.464 1 GPS 0 0 0 0 0 0 0 0 0 0 1
26.468 1 NAVIGATION 0 2 0. 0. 0. 0. 0 0
26.514 1 DESIRED 0.01 -0.21 0. 0. 0. 50. 0. 18.
26.560 1 ATTITUDE 0.569594 0. -1.081954
26.564 1 IR_SENSORS 511 -66 -577 445 511
26.660 1 ESTIMATOR 0. 0.
26.696 1 NAVIGATION 0 2 0. 0. 0. 0. 0 0
26.714 1 GPS 0 0 0 0 0 0 0 0 0 0 1
26.762 1 WP_MOVED 6 360165.8125 4813664.5 75. 31
26.946 1 NAVIGATION 0 2 0. 0. 0. 0. 0 0
26.964 1 GPS 0 0 0 0 0 0 0 0 0 0 1
26.995 1 DOWNLINK_STATUS 27 13334 590 0 466. 20. 4.41
27.060 1 ATTITUDE 0.569594 0. -1.081954
27.160 1 ESTIMATOR 0. 0.
27.162 1 CALIBRATION 0. 0
27.196 1 NAVIGATION 0 2 0. 0. 0. 0. 0 0
27.214 1 GPS 0 0 0 0 0 0 0 0 0 0 1
27.260 1 WP_MOVED 7 360559.40625 4813804.5 75. 31
27.264 1 BAT 2700 182 0 0 1 477 0 0
27.266 1 DL_VALUE 10 0.
27.446 1 NAVIGATION 0 2 0. 0. 0. 0. 0 0
27.464 1 GPS 0 0 0 0 0 0 0 0 0 0 1
27.468 1 NAVIGATION 0 2 0. 0. 0. 0. 0 0
27.560 1 ATTITUDE 0.569594 0. -1.081954
27.568 1 DESIRED 0.01 -0.21 0. 0. 0. 50. 0. 18.
27.660 1 ESTIMATOR 0. 0.
27.696 1 NAVIGATION 0 2 0. 0. 0. 0. 0 0
27.714 1 GPS 0 0 0 0 0 0 0 0 0 0 1
27.760 1 WP_MOVED 8 360462.40625 4813640. 30. 31
27.764 1 IR_SENSORS 511 -66 -577 445 511
27.944 1 FBW_STATUS 0 49 1 182 0
27.948 1 NAVIGATION 0 2 0. 0. 0. 0. 0 0
27.964 1 GPS 0 0 0 0 0 0 0 0 0 0 1
27.996 1 DOWNLINK_STATUS 28 13810 611 0 476. 21. 4.41
28.060 1 ATTITUDE 0.569594 0. -1.081954
28.160 1 ESTIMATOR 0. 0.
28.164 1 ENERGY 18.200001 0. 0 0.
28.196 1 NAVIGATION 0 2 0. 0. 0. 0. 0 0
28.214 1 GPS 0 0 0 0 0 0 0 0 0 0 1
28.260 1 WP_MOVED 9 360313.8125 4813652. 0. 31
28.264 1 NAVIGATION_REF 360285 4813595 31
28.360 1 BAT 2700 182 0 0 1 478 0 0
28.364 1 GPS_SOL 0 0 0 0
28.446 1 NAVIGATION 0 2 0. 0. 0. 0. 0 0
28.464 1 GPS 0 0 0 0 0 0 0 0 0 0 1
28.468 1 NAVIGATION 0 2 0. 0. 0. 0. 0 0
28.560 1 ATTITUDE 0.569594 0. -1.081954
28.614 1 DESIRED 0.01 -0.21 0. 0. 0. 50. 0. 18.
28.660 1 ESTIMATOR 0. 0.
28.696 1 NAVIGATION 0 2 0. 0. 0. 0. 0 0
28.714 1 GPS 0 0 0 0 0 0 0 0 0 0 1
28.762 1 WP_MOVED 10 360453.8125 4813581. 75. 31
28.762 1 DL_VALUE 0 0.
28.946 1 NAVIGATION 0 2 0. 0. 0. 0. 0 0
28.964 1 GPS 0 0 0 0 0 0 0 0 0 0 1
28.966 1 IR_SENSORS 511 -66 -577 445 511
28.996 1 DOWNLINK_STATUS 29 14313 633 0 503. 22. 4.41
29.060 1 ATTITUDE 0.569594 0. -1.081954
29.160 1 ESTIMATOR 0. 0.
29.196 1 NAVIGATION 0 2 0. 0. 0. 0. 0 0
29.214 1 GPS 0 0 0 0 0 0 0 0 0 0 1
29.260 1 WP_MOVED 11 360170.5 4813757.5 75. 31
29.262 1 CALIBRATION 0. 0
29.444 1 NAVIGATION 0 2 0. 0. 0. 0. 0 0
29.464 1 GPS 0 0 0 0 0 0 0 0 0 0 1
29.468 1 NAVIGATION 0 2 0. 0. 0. 0. 0 0
29.470 1 BAT 2700 182 0 0 1 479 0 0
29.560 1 ATTITUDE 0.569594 0. -1.081954
29.660 1 ESTIMATOR 0. 0.
29.666 1 DESIRED 0.01 -0.21 0. 0. 0. 50. 0. 18.
29.694 1 NAVIGATION 0 2 0. 0. 0. 0. 0 0
29.714 1 GPS 0 0 0 0 0 0 0 0 0 0 1
29.760 1 WP_MOVED 0 360327. 4813637. 75. 31
29.946 1 NAVIGATION 0 2 0. 0. 0. 0. 0 0
29.948 1 FBW_STATUS 0 49 1 182 0
29.964 1 GPS 0 0 0 0 0 0 0 0 0 0 1
29.997 1 DOWNLINK_STATUS 30 14762 652 0 449. 19. 4.41
30.044 1 COMMANDS 2700,8917,-1425,-4507,0
30.060 1 ATTITUDE 0.569594 0. -1.081954
30.144 1 ACTUATORS 1281,1654,1734,0,1426,0,1500,1964
30.160 1 ESTIMATOR 0. 0.
30.162 1 IR_SENSORS 511 -66 -577 445 511
30.165 1 SETTING 0 1 1.
30.172 1 DL_VALUE 0 1.
30.194 1 NAVIGATION 0 2 0. 0. 0. 0. 0 0
30.260 1 BAT 2700 182 0 0 1 480 0 0
30.360 1 ESTIMATOR 0. 0.
30.444 1 NAVIGATION 0 2 0. 0. 0. 0. 0 0
30.460 1 WP_MOVED 1 360285. 4813595. 75. 31
30.486 1 PONG 
30.558 1 DL_VALUE 0 1.
30.694 1 NAVIGATION 0 2 0. 0. 0. 0. 0 0
30.762 1 NAVIGATION 0 2 0. 0. 0. 0. 0 0
30.944 1 NAVIGATION 0 2 0. 0. 0. 0. 0 0
30.997 1 DOWNLINK_STATUS 31 15062 668 0 300. 16. 5.64
31.060 1 ATTITUDE 0.569594 0. -1.081954
31.164 1 DESIRED 0.01 -0.21 0. 0. 0. 50. 0. 18.
31.194 1 NAVIGATION 0 2 0. 0. 0. 0. 0 0
31.212 1 GPS 0 0 0 0 0 0 0 0 0 0 0
31.219 1 WIND_INFO 1 42 0. 0. 0.
31.262 1 ALIVE 198,172,38,129,106,172,155,51,18,87,56,130,169,157,53,243
31.360 1 BAT 2700 182 0 0 1 481 0 0
31.362 1 PPRZ_MODE 1 0 0 0 0 21
31.444 1 NAVIGATION 0 2 0. 0. 0. 0. 0 0
31.458 1 STATE_FILTER_STATUS 3 1533
31.560 1 GPS_SOL 0 0 0 0
31.660 1 ESTIMATOR 0. 0.
31.662 1 CALIBRATION 0. 0
31.694 1 NAVIGATION 0 2 0. 0. 0. 0. 0 0
31.760 1 DOWNLINK 0 7835 10460
31.860 1 WP_MOVED 2 360334.5 4813695. 75. 31
31.864 1 IR_SENSORS 511 -66 -577 445 511
31.942 1 FBW_STATUS 0 49 1 182 0
31.948 1 NAVIGATION 0 2 0. 0. 0. 0. 0 0
31.960 1 NAVIGATION_REF 360285 4813595 31
31.997 1 DOWNLINK_STATUS 32 15437 687 0 375. 19. 5.64
32.058 1 DL_VALUE 1 0.
32.194 1 NAVIGATION 0 2 0. 0. 0. 0. 0 0
32.262 1 GPS 0 0 0 0 0 0 0 0 0 0 1
32.444 1 NAVIGATION 0 2 0. 0. 0. 0. 0 0
32.460 1 BAT 2700 182 0 0 1 482 0 0
32.694 1 NAVIGATION 0 2 0. 0. 0. 0. 0 0
32.944 1 NAVIGATION 0 2 0. 0. 0. 0. 0 0
32.960 1 ESTIMATOR 0. 0.
32.998 1 DOWNLINK_STATUS 33 15619 695 0 182. 8. 5.64
33.194 1 NAVIGATION 0 2 0. 0. 0. 0. 0 0
33.260 1 WP_MOVED 3 360295.09375 4813785. 75. 31
33.312 1 GPS 0 0 0 0 0 0 0 0 0 0 1
33.444 1 NAVIGATION 0 2 0. 0. 0. 0. 0 0
33.560 1 BAT 2700 182 0 0 1 483 0 0
33.562 1 DL_VALUE 2 50.
33.694 1 NAVIGATION 0 2 0. 0. 0. 0. 0 0
33.762 1 NAVIGATION 0 2 0. 0. 0. 0. 0 0
33.942 1 FBW_STATUS 0 50 1 182 0
33.946 1 NAVIGATION 0 2 0. 0. 0. 0. 0 0
33.998 1 DOWNLINK_STATUS 34 15847 705 0 228. 10. 5.64
34.194 1 NAVIGATION 0 2 0. 0. 0. 0. 0 0
34.260 1 ESTIMATOR 0. 0.
34.362 1 GPS 0 0 0 0 0 0 0 0 0 0 1
34.444 1 NAVIGATION 0 2 0. 0. 0. 0. 0 0
34.660 1 BAT 2700 182 0 0 1 484 0 0
34.664 1 WP_MOVED 4 360417.3125 4813734. 75. 31
34.694 1 NAVIGATION 0 2 0. 0. 0. 0. 0 0
34.944 1 NAVIGATION 0 2 0. 0. 0. 0. 0 0
34.998 1 DOWNLINK_STATUS 35 16038 713 0 191. 8. 5.64
35.042 1 COMMANDS 2700,8917,-1425,-4507,0
35.058 1 DL_VALUE 3 107.027
35.062 1 ATTITUDE 0.569594 0. -1.081954
35.144 1 ACTUATORS 1281,1654,1734,0,1426,0,1500,1964
35.194 1 NAVIGATION 0 2 0. 0. 0. 0. 0 0
35.214 1 DESIRED 0.01 -0.21 0. 0. 0. 50. 0. 18.
35.412 1 GPS 0 0 0 0 0 0 0 0 0 0 1
35.444 1 NAVIGATION 0 2 0. 0. 0. 0. 0 0
35.486 1 PONG 
35.558 1 ESTIMATOR 0. 0.
35.694 1 NAVIGATION 0 2 0. 0. 0. 0. 0 0
35.760 1 BAT 2700 182 0 0 1 485 0 0
35.942 1 FBW_STATUS 0 50 1 182 0
35.946 1 NAVIGATION 0 2 0. 0. 0. 0. 0 0
35.999 1 DOWNLINK_STATUS 36 16336 727 0 298. 14. 5.39
36.060 1 WP_MOVED 5 360422. 4813583.5 75. 31
36.194 1 NAVIGATION 0 2 0. 0. 0. 0. 0 0
36.260 1 ALIVE 198,172,38,129,106,172,155,51,18,87,56,130,169,157,53,243
36.358 1 PPRZ_MODE 1 0 0 0 0 21
36.444 1 NAVIGATION 0 2 0. 0. 0. 0. 0 0
36.462 1 GPS 0 0 0 0 0 0 0 0 0 0 1
36.464 1 STATE_FILTER_STATUS 3 1533
36.558 1 DL_VALUE 4 0.
36.562 1 GPS_SOL 0 0 0 0
36.694 1 NAVIGATION 0 2 0. 0. 0. 0. 0 0
36.762 1 NAVIGATION 0 2 0. 0. 0. 0. 0 0
36.764 1 CALIBRATION 0. 0
36.860 1 BAT 2700 182 0 0 1 486 0 0
36.862 1 ESTIMATOR 0. 0.
36.864 1 DOWNLINK 0 250 10520
36.944 1 NAVIGATION 0 2 0. 0. 0. 0. 0 0
37.000 1 DOWNLINK_STATUS 37 16647 743 0 311. 16. 5.39
37.060 1 IR_SENSORS 511 -66 -577 445 511
37.194 1 NAVIGATION 0 2 0. 0. 0. 0. 0 0
37.444 1 NAVIGATION 0 2 0. 0. 0. 0. 0 0
37.460 1 WP_MOVED 6 360165.8125 4813664.5 75. 31
37.512 1 GPS 0 0 0 0 0 0 0 0 0 0 1
37.694 1 NAVIGATION 0 2 0. 0. 0. 0. 0 0
37.944 1 NAVIGATION 0 2 0. 0. 0. 0. 0 0
37.946 1 FBW_STATUS 0 50 1 182 0
37.960 1 BAT 2700 182 0 0 1 488 0 0
38.000 1 DOWNLINK_STATUS 38 16854 752 0 207. 9. 5.39
38.058 1 DL_VALUE 5 0.
38.158 1 ESTIMATOR 0. 0.
38.194 1 NAVIGATION 0 2 0. 0. 0. 0. 0 0
38.444 1 NAVIGATION 0 2 0. 0. 0. 0. 0 0
38.581 1 GPS 0 0 0 0 0 0 0 0 0 0 1
38.695 1 NAVIGATION 0 2 0. 0. 0. 0. 0 0
38.861 1 WP_MOVED 7 360559.40625 4813804.5 75. 31
38.945 1 NAVIGATION 0 2 0. 0. 0. 0. 0 0
39.001 1 DOWNLINK_STATUS 39 17036 760 0 182. 8. 5.39
39.061 1 BAT 2700 182 0 0 1 489 0 0
39.063 1 ATTITUDE 0.569594 0. -1.081954
39.195 1 NAVIGATION 0 2 0. 0. 0. 0. 0 0
39.263 1 DESIRED 0.01 -0.21 0. 0. 0. 50. 0. 18.
39.445 1 NAVIGATION 0 2 0. 0. 0. 0. 0 0
39.459 1 ESTIMATOR 0. 0.
39.559 1 DL_VALUE 6 100.
39.613 1 GPS 0 0 0 0 0 0 0 0 0 0 1
39.695 1 NAVIGATION 0 2 0. 0. 0. 0. 0 0
39.761 1 NAVIGATION 0 2 0. 0. 0. 0. 0 0
39.943 1 FBW_STATUS 0 49 1 182 0
39.947 1 NAVIGATION 0 2 0. 0. 0. 0. 0 0
40.001 1 DOWNLINK_STATUS 40 17314 772 0 278. 12. 5.39
40.043 1 COMMANDS 2700,8917,-1425,-4507,0
40.143 1 ACTUATORS 1281,1654,1734,0,1426,0,1500,1964
40.161 1 BAT 2700 182 0 0 1 490 0 0
40.195 1 NAVIGATION 0 2 0. 0. 0. 0. 0 0
40.259 1 WP_MOVED 8 360462.40625 4813640. 30. 31
40.445 1 NAVIGATION 0 2 0. 0. 0. 0. 0 0
40.487 1 PONG 
40.663 1 GPS 0 0 0 0 0 0 0 0 0 0 1
40.695 1 NAVIGATION 0 2 0. 0. 0. 0. 0 0
40.759 1 ESTIMATOR 0. 0.
40.945 1 NAVIGATION 0 2 0. 0. 0. 0. 0 0
40.959 1 NAVIGATION_REF 360285 4813595 31
41.002 1 DOWNLINK_STATUS 41 17566 784 0 252. 12. 4.93
41.059 1 DL_VALUE 7 1.
41.195 1 NAVIGATION 0 2 0. 0. 0. 0. 0 0
41.219 1 WIND_INFO 1 42 0. 0. 0.
41.261 1 BAT 2700 182 0 0 1 491 0 0
41.263 1 ALIVE 198,172,38,129,106,172,155,51,18,87,56,130,169,157,53,243
41.359 1 PPRZ_MODE 1 0 0 0 0 21
41.445 1 NAVIGATION 0 2 0. 0. 0. 0. 0 0
41.459 1 STATE_FILTER_STATUS 3 1533
41.559 1 GPS_SOL 0 0 0 0
41.661 1 WP_MOVED 9 360313.8125 4813652. 0. 31
41.695 1 NAVIGATION 0 2 0. 0. 0. 0. 0 0
41.711 1 GPS 0 0 0 0 0 0 0 0 0 0 1
41.859 1 CALIBRATION 0. 0
41.945 1 NAVIGATION 0 2 0. 0. 0. 0. 0 0
41.947 1 FBW_STATUS 0 49 1 182 0
41.959 1 DOWNLINK 0 241 10577
42.002 1 DOWNLINK_STATUS 42 17851 799 0 285. 15. 4.93
42.059 1 ESTIMATOR 0. 0.
42.193 1 NAVIGATION 0 2 0. 0. 0. 0. 0 0
42.259 1 IR_SENSORS 511 -66 -577 445 511
42.359 1 BAT 2700 182 0 0 1 492 0 0
42.445 1 NAVIGATION 0 2 0. 0. 0. 0. 0 0
42.559 1 DL_VALUE 8 1.
42.695 1 NAVIGATION 0 2 0. 0. 0. 0. 0 0
42.763 1 GPS 0 0 0 0 0 0 0 0 0 0 1
42.767 1 NAVIGATION 0 2 0. 0. 0. 0. 0 0
42.945 1 NAVIGATION 0 2 0. 0. 0. 0. 0 0
43.002 1 DOWNLINK_STATUS 43 18075 809 0 224. 10. 4.93
43.059 1 WP_MOVED 10 360453.8125 4813581. 75. 31
43.063 1 ATTITUDE 0.569594 0. -1.081954
43.222 1 NAVIGATION 0 2 0. 0. 0. 0. 0 0
43.313 1 DESIRED 0.01 -0.21 0. 0. 0. 50. 0. 18.
43.359 1 ESTIMATOR 0. 0.
43.443 1 NAVIGATION 0 2 0. 0. 0. 0. 0 0
43.474 1 BAT 2700 182 0 0 1 493 0 0
43.693 1 NAVIGATION 0 2 0. 0. 0. 0. 0 0
43.811 1 GPS 0 0 0 0 0 0 0 0 0 0 1
43.943 1 NAVIGATION 0 2 0. 0. 0. 0. 0 0
43.945 1 FBW_STATUS 0 48 1 182 0
44.003 1 DOWNLINK_STATUS 44 18336 820 0 261. 11. 4.93
44.057 1 DL_VALUE 9 1.
44.193 1 NAVIGATION 0 2 0. 0. 0. 0. 0 0
44.443 1 NAVIGATION 0 2 0. 0. 0. 0. 0 0
44.459 1 WP_MOVED 11 360170.5 4813757.5 75. 31
44.559 1 BAT 2700 182 0 0 1 494 0 0
44.659 1 ESTIMATOR 0. 0.
44.693 1 NAVIGATION 0 2 0. 0. 0. 0. 0 0
44.861 1 GPS 0 0 0 0 0 0 0 0 0 0 1
44.943 1 NAVIGATION 0 2 0. 0. 0. 0. 0 0
45.003 1 DOWNLINK_STATUS 45 18538 829 0 202. 9. 4.93
45.043 1 COMMANDS 2700,8917,-1425,-4507,0
45.143 1 ACTUATORS 1281,1654,1734,0,1426,0,1500,1964
45.193 1 NAVIGATION 0 2 0. 0. 0. 0. 0 0
45.443 1 NAVIGATION 0 2 0. 0. 0. 0. 0 0
45.487 1 PONG 
45.557 1 DL_VALUE 10 0.
45.659 1 BAT 2700 182 0 0 1 495 0 0
45.693 1 NAVIGATION 0 2 0. 0. 0. 0. 0 0
45.761 1 NAVIGATION 0 2 0. 0. 0. 0. 0 0
45.859 1 WP_MOVED 0 360327. 4813637. 75. 31
45.911 1 GPS 0 0 0 0 0 0 0 0 0 0 1
45.941 1 FBW_STATUS 0 50 1 182 0
45.945 1 NAVIGATION 0 2 0. 0. 0. 0. 0 0
45.959 1 ESTIMATOR 0. 0.
46.004 1 DOWNLINK_STATUS 46 18826 843 0 288. 14. 4.54
46.193 1 NAVIGATION 0 2 0. 0. 0. 0. 0 0
46.259 1 ALIVE 198,172,38,129,106,172,155,51,18,87,56,130,169,157,53,243
46.357 1 PPRZ_MODE 1 0 0 0 0 21
46.443 1 NAVIGATION 0 2 0. 0. 0. 0. 0 0
46.457 1 STATE_FILTER_STATUS 3 1533
46.559 1 GPS_SOL 0 0 0 0
46.693 1 NAVIGATION 0 2 0. 0. 0. 0. 0 0
46.759 1 BAT 2700 182 0 0 1 496 0 0
46.943 1 NAVIGATION 0 2 0. 0. 0. 0. 0 0
46.961 1 GPS 0 0 0 0 0 0 0 0 0 0 1
46.963 1 CALIBRATION 0. 0
47.005 1 DOWNLINK_STATUS 47 19055 854 0 229. 11. 4.54
47.057 1 DL_VALUE 0 1.
47.061 1 ATTITUDE 0.569594 0. -1.081954
47.063 1 DOWNLINK 0 243 10635
47.193 1 NAVIGATION 0 2 0. 0. 0. 0. 0 0
47.257 1 ESTIMATOR 0. 0.
47.261 1 WP_MOVED 1 360285. 4813595. 75. 31
47.363 1 DESIRED 0.1 -0.71 0. 0. 0. 50. 0. 18.
47.443 1 NAVIGATION 0 2 0. 0. 0. 0. 0 0
47.459 1 IR_SENSORS 511 -66 -577 445 511
47.693 1 NAVIGATION 0 2 0. 0. 0. 0. 0 0
47.859 1 BAT 2700 182 0 0 1 497 0 0
47.941 1 FBW_STATUS 0 49 1 182 0
47.945 1 NAVIGATION 0 2 0. 0. 0. 0. 0 0
48.005 1 DOWNLINK_STATUS 48 19321 867 0 266. 13. 4.54
48.011 1 GPS 0 0 0 0 0 0 0 0 0 0 1
48.193 1 NAVIGATION 0 2 0. 0. 0. 0. 0 0
48.443 1 NAVIGATION 0 2 0. 0. 0. 0. 0 0
48.557 1 ESTIMATOR 0. 0.
48.559 1 DL_VALUE 1 0.
48.659 1 WP_MOVED 2 360334.5 4813695. 75. 31
48.693 1 NAVIGATION 0 2 0. 0. 0. 0. 0 0
48.759 1 NAVIGATION 0 2 0. 0. 0. 0. 0 0
48.943 1 NAVIGATION 0 2 0. 0. 0. 0. 0 0
48.959 1 BAT 2700 182 0 0 1 499 0 0
49.006 1 DOWNLINK_STATUS 49 19549 877 0 228. 10. 4.54
49.061 1 GPS 0 0 0 0 0 0 0 0 0 0 1
49.193 1 NAVIGATION 0 2 0. 0. 0. 0. 0 0
49.443 1 NAVIGATION 0 2 0. 0. 0. 0. 0 0
49.693 1 NAVIGATION 0 2 0. 0. 0. 0. 0 0
49.857 1 ESTIMATOR 0. 0.
49.941 1 FBW_STATUS 0 49 1 182 0
49.945 1 NAVIGATION 0 2 0. 0. 0. 0. 0 0
49.957 1 NAVIGATION_REF 360285 4813595 31
50.007 1 DOWNLINK_STATUS 50 19729 885 0 180. 8. 4.54
50.041 1 COMMANDS 2700,5369,-750,-4500,0
50.059 1 BAT 2700 182 0 0 1 500 0 0
50.063 1 WP_MOVED 3 360295.09375 4813785. 75. 31
50.063 1 DL_VALUE 2 50.
50.111 1 GPS 0 0 0 0 0 0 0 0 0 0 1
50.143 1 ACTUATORS 1281,1654,1734,0,1426,0,1500,1964
50.193 1 NAVIGATION 0 2 0. 0. 0. 0. 0 0
50.443 1 NAVIGATION 0 2 0. 0. 0. 0. 0 0
50.489 1 PONG 
50.693 1 NAVIGATION 0 2 0. 0. 0. 0. 0 0
50.943 1 NAVIGATION 0 2 0. 0. 0. 0. 0 0
51.007 1 DOWNLINK_STATUS 51 19963 896 0 234. 11. 5.84
51.059 1 ATTITUDE 0.569594 0. -1.081954
51.161 1 GPS 0 0 0 0 0 0 0 0 0 0 1
51.165 1 BAT 0 182 0 0 1 501 0 0
51.167 1 ESTIMATOR 0. 0.
51.193 1 NAVIGATION 0 2 0. 0. 0. 0. 0 0
51.219 1 WIND_INFO 1 42 0. 0. 0.
51.259 1 ALIVE 198,172,38,129,106,172,155,51,18,87,56,130,169,157,53,243
51.357 1 PPRZ_MODE 1 0 0 0 0 21
51.411 1 DESIRED 0.01 -0.21 0. 0. 0. 50. 0. 18.
51.443 1 NAVIGATION 0 2 0. 0. 0. 0. 0 0
51.459 1 WP_MOVED 4 360417.3125 4813734. 75. 31
51.459 1 STATE_FILTER_STATUS 3 1533
51.557 1 DL_VALUE 3 107.027
51.559 1 GPS_SOL 0 0 0 0
51.693 1 NAVIGATION 0 2 0. 0. 0. 0. 0 0
51.759 1 NAVIGATION 0 2 0. 0. 0. 0. 0 0
51.941 1 FBW_STATUS 0 49 1 182 0
51.945 1 NAVIGATION 0 2 0. 0. 0. 0. 0 0
52.008 1 DOWNLINK_STATUS 52 20322 913 0 359. 17. 5.84
52.057 1 CALIBRATION 0. 0
52.157 1 DOWNLINK 0 244 10693
52.193 1 NAVIGATION 0 2 0. 0. 0. 0. 0 0
52.211 1 GPS 0 0 0 0 0 0 0 0 0 0 1
52.259 1 BAT 3975 182 0 0 1 502 0 0
52.443 1 NAVIGATION 0 2 0. 0. 0. 0. 0 0
52.457 1 ESTIMATOR 0. 0.
52.658 1 IR_SENSORS 511 -66 -577 445 511
52.693 1 NAVIGATION 0 2 0. 0. 0. 0. 0 0
52.859 1 WP_MOVED 5 360422. 4813583.5 75. 31
52.943 1 NAVIGATION 0 2 0. 0. 0. 0. 0 0
53.008 1 DOWNLINK_STATUS 53 20551 924 0 229. 11. 5.84
53.057 1 DL_VALUE 4 0.
53.193 1 NAVIGATION 0 2 0. 0. 0. 0. 0 0
53.261 1 GPS 0 0 0 0 0 0 0 0 0 0 1
53.359 1 BAT 0 182 0 0 1 503 0 0
53.443 1 NAVIGATION 0 2 0. 0. 0. 0. 0 0
53.693 1 NAVIGATION 0 2 0. 0. 0. 0. 0 0
53.757 1 ESTIMATOR 0. 0.
53.941 1 FBW_STATUS 0 49 1 182 0
53.945 1 NAVIGATION 0 2 0. 0. 0. 0. 0 0
54.008 1 DOWNLINK_STATUS 54 20747 933 0 196. 9. 5.84
54.193 1 NAVIGATION 0 2 0. 0. 0. 0. 0 0
54.259 1 WP_MOVED 6 360165.8125 4813664.5 75. 31
54.311 1 GPS 0 0 0 0 0 0 0 0 0 0 1
54.443 1 NAVIGATION 0 2 0. 0. 0. 0. 0 0
54.457 1 BAT 2495 182 0 0 1 504 0 0
54.557 1 DL_VALUE 5 0.
54.693 1 NAVIGATION 0 2 0. 0. 0. 0. 0 0
54.759 1 NAVIGATION 0 2 0. 0. 0. 0. 0 0
54.943 1 NAVIGATION 0 2 0. 0. 0. 0. 0 0
55.009 1 DOWNLINK_STATUS 55 20961 942 0 214. 9. 5.84
55.041 1 COMMANDS 6825,7802,0,-4500,0
55.057 1 ESTIMATOR 0. 0.
55.061 1 ATTITUDE 0.568708 0. -1.082814
55.141 1 ACTUATORS 1863,1654,1734,0,1500,0,1500,1889
55.193 1 NAVIGATION 0 2 0. 0. 0. 0. 0 0
55.361 1 GPS 0 0 0 0 0 0 0 0 0 0 1
55.443 1 NAVIGATION 0 2 0. 0. 0. 0. 0 0
55.461 1 DESIRED 0.01 -0.35 0. 0. 0. 50. 0. 18.
55.489 1 PONG 
55.559 1 BAT 9225 182 0 0 1 505 0 0
55.657 1 WP_MOVED 7 360559.40625 4813804.5 75. 31
55.693 1 NAVIGATION 0 2 0. 0. 0. 0. 0 0
55.941 1 FBW_STATUS 0 49 1 182 0
55.945 1 NAVIGATION 0 2 0. 0. 0. 0. 0 0
56.010 1 DOWNLINK_STATUS 56 21268 956 0 307. 14. 5.48
56.057 1 DL_VALUE 6 100.
56.193 1 NAVIGATION 0 2 0. 0. 0. 0. 0 0
56.259 1 ALIVE 198,172,38,129,106,172,155,51,18,87,56,130,169,157,53,243
56.357 1 ESTIMATOR 0. 0.
56.359 1 PPRZ_MODE 1 0 0 0 0 21
56.411 1 GPS 0 0 0 0 0 0 0 0 0 0 1
56.443 1 NAVIGATION 0 2 0. 0. 0. 0. 0 0
56.457 1 STATE_FILTER_STATUS 3 1533
56.557 1 GPS_SOL 0 0 0 0
56.660 1 BAT 8850 182 0 0 1 506 0 0
56.693 1 NAVIGATION 0 2 0. 0. 0. 0. 0 0
56.941 1 NAVIGATION 0 2 0. 0. 0. 0. 0 0
57.011 1 DOWNLINK_STATUS 57 21511 968 0 243. 12. 5.48
57.057 1 WP_MOVED 8 360462.40625 4813640. 30. 31
57.157 1 CALIBRATION 0. 0
57.191 1 NAVIGATION 0 2 0. 0. 0. 0. 0 0
57.257 1 DOWNLINK 0 242 10750
57.443 1 NAVIGATION 0 2 0. 0. 0. 0. 0 0
57.461 1 GPS 0 0 0 0 0 0 0 0 0 0 1
57.557 1 DL_VALUE 7 1.
57.657 1 ESTIMATOR 0. 0.
57.691 1 NAVIGATION 0 2 0. 0. 0. 0. 0 0
57.757 1 BAT 4125 182 0 0 1 507 0 0
57.763 1 NAVIGATION 0 2 0. 0. 0. 0. 0 0
57.857 1 IR_SENSORS 511 -66 -577 445 511
57.939 1 FBW_STATUS 0 49 1 182 0
57.945 1 NAVIGATION 0 2 0. 0. 0. 0. 0 0
58.012 1 DOWNLINK_STATUS 58 21791 982 0 280. 14. 5.48
58.191 1 NAVIGATION 0 2 0. 0. 0. 0. 0 0
58.443 1 NAVIGATION 0 2 0. 0. 0. 0. 0 0
58.457 1 WP_MOVED 9 360313.8125 4813652. 0. 31
58.509 1 GPS 0 0 0 0 0 0 0 0 0 0 1
58.692 1 NAVIGATION 0 2 0. 0. 0. 0. 0 0
58.858 1 BAT 4125 182 0 0 1 508 0 0
58.942 1 NAVIGATION 0 2 0. 0. 0. 0. 0 0
58.956 1 ESTIMATOR 0. 0.
58.960 1 NAVIGATION_REF 360285 4813595 31
59.013 1 DOWNLINK_STATUS 59 21997 991 0 206. 9. 5.48
59.056 1 DL_VALUE 8 1.
59.060 1 ATTITUDE 0.569594 0. -1.081954
59.192 1 NAVIGATION 0 2 0. 0. 0. 0. 0 0
59.442 1 NAVIGATION 0 2 0. 0. 0. 0. 0 0
59.510 1 DESIRED 0.01 -0.26 0. 0. 0. 50. 0. 18.
59.560 1 GPS 0 0 0 0 0 0 0 0 0 0 1
59.692 1 NAVIGATION 0 2 0. 0. 0. 0. 0 0
59.858 1 WP_MOVED 10 360453.8125 4813581. 75. 31
59.940 1 FBW_STATUS 0 50 1 182 0
59.944 1 NAVIGATION 0 2 0. 0. 0. 0. 0 0
59.958 1 BAT 4125 182 0 0 1 510 0 0
60.013 1 DOWNLINK_STATUS 60 22255 1002 0 258. 11. 5.48
60.040 1 COMMANDS 4125,8363,0,-4500,0
60.142 1 ACTUATORS 1429,1654,1734,0,1500,0,1500,1935
60.192 1 NAVIGATION 0 2 0. 0. 0. 0. 0 0
60.256 1 ESTIMATOR 0. 0.
60.442 1 NAVIGATION 0 2 0. 0. 0. 0. 0 0
60.490 1 PONG 
60.556 1 DL_VALUE 9 1.
60.610 1 GPS 0 0 0 0 0 0 0 0 0 0 1
60.692 1 NAVIGATION 0 2 0. 0. 0. 0. 0 0
60.758 1 NAVIGATION 0 2 0. 0. 0. 0. 0 0
60.942 1 NAVIGATION 0 2 0. 0. 0. 0. 0 0
61.013 1 DOWNLINK_STATUS 61 22489 1013 0 234. 11. 5.5
61.058 1 BAT 4125 182 0 0 1 511 0 0
61.192 1 NAVIGATION 0 2 0. 0. 0. 0. 0 0
61.219 1 WIND_INFO 1 42 0. 0. 0.
61.258 1 WP_MOVED 11 360170.5 4813757.5 75. 31
61.262 1 ALIVE 198,172,38,129,106,172,155,51,18,87,56,130,169,157,53,243
61.356 1 PPRZ_MODE 1 0 0 0 0 21
61.442 1 NAVIGATION 0 2 0. 0. 0. 0. 0 0
61.456 1 STATE_FILTER_STATUS 3 1533
61.556 1 ESTIMATOR 0. 0.
61.560 1 GPS_SOL 0 0 0 0
61.660 1 GPS 0 0 0 0 0 0 0 0 0 0 1
61.692 1 NAVIGATION 0 2 0. 0. 0. 0. 0 0
61.942 1 NAVIGATION 0 2 0. 0. 0. 0. 0 0
61.944 1 FBW_STATUS 0 50 1 182 0
62.014 1 DOWNLINK_STATUS 62 22755 1026 0 266. 13. 5.5
62.056 1 DL_VALUE 10 0.
62.158 1 BAT 4125 182 0 0 1 512 0 0
62.192 1 NAVIGATION 0 2 0. 0. 0. 0. 0 0
62.256 1 CALIBRATION 0. 0
62.356 1 DOWNLINK 0 246 10809
62.442 1 NAVIGATION 0 2 0. 0. 0. 0. 0 0
62.659 1 WP_MOVED 0 360327. 4813637. 75. 31
62.692 1 NAVIGATION 0 2 0. 0. 0. 0. 0 0
62.710 1 GPS 0 0 0 0 0 0 0 0 0 0 1
62.728 1 SETTING 10 1 0.
62.734 1 DL_VALUE 10 0.
62.856 1 ESTIMATOR 0. 0.
62.942 1 NAVIGATION 0 2 0. 0. 0. 0. 0 0
63.015 1 DOWNLINK_STATUS 63 22990 1038 0 235. 12. 5.5
63.056 1 ATTITUDE 0.569594 0. -1.081954
63.060 1 IR_SENSORS 511 -66 -577 445 511
63.192 1 NAVIGATION 0 2 0. 0. 0. 0. 0 0
63.258 1 BAT 4125 182 0 0 1 513 0 0
63.373 1 SETTING 10 1 1.
63.380 1 DL_VALUE 10 0.
63.442 1 NAVIGATION 0 2 0. 0. 0. 0. 0 0
63.556 1 DL_VALUE 0 1.
63.562 1 DESIRED 0.01 -0.26 0. 0. 0. 50. 0. 18.
63.692 1 NAVIGATION 0 2 0. 0. 0. 0. 0 0
63.760 1 GPS 0 0 0 0 0 0 0 0 0 0 1
63.764 1 NAVIGATION 0 2 0. 0. 0. 0. 0 0
63.940 1 FBW_STATUS 0 50 1 182 0
63.944 1 NAVIGATION 0 2 0. 0. 0. 0. 0 0
63.974 1 SETTING 10 1 2.
63.982 1 DL_VALUE 10 0.
64.015 1 DOWNLINK_STATUS 64 23292 1052 0 302. 14. 5.5
64.058 1 WP_MOVED 1 360285. 4813595. 75. 31
64.156 1 ESTIMATOR 0. 0.
64.192 1 NAVIGATION 0 2 0. 0. 0. 0. 0 0
64.358 1 BAT 4125 182 0 0 1 514 0 0
64.442 1 NAVIGATION 0 2 0. 0. 0. 0. 0 0
64.667 1 SETTING 10 1 1.
64.674 1 DL_VALUE 10 0.
64.692 1 NAVIGATION 0 2 0. 0. 0. 0. 0 0
64.810 1 GPS 0 0 0 0 0 0 0 0 0 0 1
64.942 1 NAVIGATION 0 2 0. 0. 0. 0. 0 0
65.016 1 DOWNLINK_STATUS 65 23494 1061 0 202. 9. 5.5
65.040 1 COMMANDS 4125,8355,0,-4507,0
65.056 1 DL_VALUE 1 0.
65.140 1 ACTUATORS 1429,1654,1734,0,1500,0,1500,1935
65.174 1 SETTING 10 1 0.
65.182 1 DL_VALUE 10 0.
65.192 1 NAVIGATION 0 2 0. 0. 0. 0. 0 0
65.442 1 NAVIGATION 0 2 0. 0. 0. 0. 0 0
65.456 1 BAT 4125 182 0 0 1 515 0 0
65.460 1 ESTIMATOR 0. 0.
65.462 1 WP_MOVED 2 360334.5 4813695. 75. 31
65.490 1 PONG 
65.692 1 NAVIGATION 0 2 0. 0. 0. 0. 0 0
65.860 1 GPS 0 0 0 0 0 0 0 0 0 0 1
65.940 1 NAVIGATION 0 2 0. 0. 0. 0. 0 0
65.944 1 FBW_STATUS 0 49 1 182 0
66.017 1 DOWNLINK_STATUS 66 23767 1075 0 273. 14. 5.13
66.192 1 NAVIGATION 0 2 0. 0. 0. 0. 0 0
66.258 1 ALIVE 198,172,38,129,106,172,155,51,18,87,56,130,169,157,53,243
66.356 1 PPRZ_MODE 1 0 0 0 0 21
66.440 1 NAVIGATION 0 2 0. 0. 0. 0. 0 0
66.454 1 STATE_FILTER_STATUS 3 1533
66.556 1 BAT 4125 182 0 0 1 516 0 0
66.558 1 DL_VALUE 2 50.
66.562 1 GPS_SOL 0 0 0 0
66.690 1 NAVIGATION 0 2 0. 0. 0. 0. 0 0
66.756 1 ESTIMATOR 0. 0.
66.760 1 NAVIGATION 0 2 0. 0. 0. 0. 0 0
66.856 1 WP_MOVED 3 360295.09375 4813785. 75. 31
66.908 1 GPS 0 0 0 0 0 0 0 0 0 0 1
66.940 1 NAVIGATION 0 2 0. 0. 0. 0. 0 0
67.017 1 DOWNLINK_STATUS 67 24056 1089 0 289. 14. 5.13
67.056 1 ATTITUDE 0.569594 0. -1.081954
67.190 1 NAVIGATION 0 2 0. 0. 0. 0. 0 0
67.356 1 CALIBRATION 0. 0
67.440 1 NAVIGATION 0 2 0. 0. 0. 0. 0 0
67.454 1 DOWNLINK 0 257 10872
67.611 1 DESIRED 0.01 -0.26 0. 0. 0. 50. 0. 18.
67.656 1 BAT 4125 182 0 0 1 517 0 0
67.690 1 NAVIGATION 0 2 0. 0. 0. 0. 0 0
67.938 1 FBW_STATUS 0 49 1 182 0
67.944 1 NAVIGATION 0 2 0. 0. 0. 0. 0 0
67.958 1 GPS 0 0 0 0 0 0 0 0 0 0 1
67.962 1 NAVIGATION_REF 360285 4813595 31
68.018 1 DOWNLINK_STATUS 68 24320 1101 0 264. 12. 5.13
68.056 1 ESTIMATOR 0. 0.
68.058 1 DL_VALUE 3 107.027
68.190 1 NAVIGATION 0 2 0. 0. 0. 0. 0 0
68.256 1 WP_MOVED 4 360417.3125 4813734. 75. 31
68.260 1 IR_SENSORS 511 -66 -577 445 511
68.440 1 NAVIGATION 0 2 0. 0. 0. 0. 0 0
68.690 1 NAVIGATION 0 2 0. 0. 0. 0. 0 0
68.756 1 BAT 4125 182 0 0 1 518 0 0
68.940 1 NAVIGATION 0 2 0. 0. 0. 0. 0 0
69.008 1 GPS 0 0 0 0 0 0 0 0 0 0 1
69.019 1 DOWNLINK_STATUS 69 24538 1111 0 218. 10. 5.13
69.190 1 NAVIGATION 0 2 0. 0. 0. 0. 0 0
69.358 1 ESTIMATOR 0. 0.
69.440 1 NAVIGATION 0 2 0. 0. 0. 0. 0 0
69.554 1 DL_VALUE 4 0.
69.656 1 WP_MOVED 5 360422. 4813583.5 75. 31
69.690 1 NAVIGATION 0 2 0. 0. 0. 0. 0 0
69.758 1 NAVIGATION 0 2 0. 0. 0. 0. 0 0
69.856 1 BAT 4125 182 0 0 1 519 0 0
69.938 1 FBW_STATUS 0 49 1 182 0
69.942 1 NAVIGATION 0 2 0. 0. 0. 0. 0 0
70.019 1 DOWNLINK_STATUS 70 24747 1121 0 209. 10. 5.13
70.040 1 COMMANDS 4125,8363,0,-4500,0
70.058 1 GPS 0 0 0 0 0 0 0 0 0 0 1
70.140 1 ACTUATORS 1429,1654,1734,0,1500,0,1500,1935
70.190 1 NAVIGATION 0 2 0. 0. 0. 0. 0 0
70.440 1 NAVIGATION 0 2 0. 0. 0. 0. 0 0
70.490 1 PONG 
70.657 1 ESTIMATOR 0. 0.
70.690 1 NAVIGATION 0 2 0. 0. 0. 0. 0 0
70.940 1 NAVIGATION 0 2 0. 0. 0. 0. 0 0
70.956 1 BAT 4125 182 0 0 1 521 0 0
71.020 1 DOWNLINK_STATUS 71 24964 1131 0 217. 10. 4.36
71.056 1 WP_MOVED 6 360165.8125 4813664.5 75. 31
71.058 1 DL_VALUE 5 0.
71.062 1 ATTITUDE 0.568708 0. -1.082814
71.108 1 GPS 0 0 0 0 0 0 0 0 0 0 1
71.190 1 NAVIGATION 0 2 0. 0. 0. 0. 0 0
71.219 1 WIND_INFO 1 42 0. 0. 0.
71.256 1 ALIVE 198,172,38,129,106,172,155,51,18,87,56,130,169,157,53,243
71.354 1 PPRZ_MODE 1 0 0 0 0 21
71.440 1 NAVIGATION 0 2 0. 0. 0. 0. 0 0
71.454 1 STATE_FILTER_STATUS 3 1533
71.556 1 GPS_SOL 0 0 0 0
71.660 1 DESIRED 0.01 -0.26 0. 0. 0. 50. 0. 18.
71.690 1 NAVIGATION 0 2 0. 0. 0. 0. 0 0
71.938 1 FBW_STATUS 0 49 1 182 0
71.942 1 NAVIGATION 0 2 0. 0. 0. 0. 0 0
71.956 1 ESTIMATOR 0. 0.
72.021 1 DOWNLINK_STATUS 72 25277 1146 0 313. 15. 4.36
72.056 1 BAT 4125 182 0 0 1 522 0 0
72.158 1 GPS 0 0 0 0 0 0 0 0 0 0 1
72.190 1 NAVIGATION 0 2 0. 0. 0. 0. 0 0
72.440 1 NAVIGATION 0 2 0. 0. 0. 0. 0 0
72.456 1 WP_MOVED 7 360559.40625 4813804.5 75. 31
72.458 1 CALIBRATION 0. 0
72.554 1 DL_VALUE 6 100.
72.556 1 DOWNLINK 0 252 10932
72.691 1 NAVIGATION 0 2 0. 0. 0. 0. 0 0
72.758 1 NAVIGATION 0 2 0. 0. 0. 0. 0 0
72.940 1 NAVIGATION 0 2 0. 0. 0. 0. 0 0
73.021 1 DOWNLINK_STATUS 73 25513 1157 0 236. 11. 4.36
73.156 1 BAT 4125 182 0 0 1 523 0 0
73.190 1 NAVIGATION 0 2 0. 0. 0. 0. 0 0
73.208 1 GPS 0 0 0 0 0 0 0 0 0 0 1
73.254 1 ESTIMATOR 0. 0.
73.440 1 NAVIGATION 0 2 0. 0. 0. 0. 0 0
73.456 1 IR_SENSORS 511 -66 -577 445 511
73.690 1 NAVIGATION 0 2 0. 0. 0. 0. 0 0
73.856 1 WP_MOVED 8 360462.40625 4813640. 30. 31
73.940 1 NAVIGATION 0 2 0. 0. 0. 0. 0 0
73.942 1 FBW_STATUS 0 49 1 182 0
74.021 1 DOWNLINK_STATUS 74 25734 1167 0 221. 10. 4.36
74.054 1 DL_VALUE 7 1.
74.190 1 NAVIGATION 0 2 0. 0. 0. 0. 0 0
74.258 1 GPS 0 0 0 0 0 0 0 0 0 0 1
74.262 1 BAT 4125 182 0 0 1 524 0 0
74.440 1 NAVIGATION 0 2 0. 0. 0. 0. 0 0
74.556 1 ESTIMATOR 0. 0.
74.690 1 NAVIGATION 0 2 0. 0. 0. 0. 0 0
74.940 1 NAVIGATION 0 2 0. 0. 0. 0. 0 0
75.022 1 DOWNLINK_STATUS 75 25916 1175 0 182. 8. 4.36
75.038 1 COMMANDS 4125,8355,0,-4507,0
75.056 1 ATTITUDE 0.568708 0. -1.082814
75.140 1 ACTUATORS 1429,1654,1734,0,1500,0,1500,1935
75.190 1 NAVIGATION 0 2 0. 0. 0. 0. 0 0
75.256 1 WP_MOVED 9 360313.8125 4813652. 0. 31
75.308 1 GPS 0 0 0 0 0 0 0 0 0 0 1
75.356 1 BAT 4125 182 0 0 1 525 0 0
75.440 1 NAVIGATION 0 2 0. 0. 0. 0. 0 0
75.492 1 PONG 
75.554 1 DL_VALUE 8 1.
75.691 1 NAVIGATION 0 2 0. 0. 0. 0. 0 0
75.708 1 DESIRED 0.01 -0.26 0. 0. 0. 50. 0. 18.
75.756 1 NAVIGATION 0 2 0. 0. 0. 0. 0 0
75.854 1 ESTIMATOR 0. 0.
75.938 1 FBW_STATUS 0 49 1 182 0
75.942 1 NAVIGATION 0 2 0. 0. 0. 0. 0 0
76.022 1 DOWNLINK_STATUS 76 26260 1191 0 344. 16. 5.97
76.190 1 NAVIGATION 0 2 0. 0. 0. 0. 0 0
76.256 1 ALIVE 198,172,38,129,106,172,155,51,18,87,56,130,169,157,53,243
76.358 1 GPS 0 0 0 0 0 0 0 0 0 0 1
76.360 1 PPRZ_MODE 1 0 0 0 0 21
76.440 1 NAVIGATION 0 2 0. 0. 0. 0. 0 0
76.456 1 BAT 4125 182 0 0 1 526 0 0
76.458 1 STATE_FILTER_STATUS 3 1533
76.556 1 GPS_SOL 0 0 0 0
76.657 1 WP_MOVED 10 360453.8125 4813581. 75. 31
76.690 1 NAVIGATION 0 2 0. 0. 0. 0. 0 0
76.940 1 NAVIGATION 0 2 0. 0. 0. 0. 0 0
76.954 1 NAVIGATION_REF 360285 4813595 31
77.023 1 DOWNLINK_STATUS 77 26513 1203 0 253. 12. 5.97
77.054 1 DL_VALUE 9 1.
77.154 1 ESTIMATOR 0. 0.
77.191 1 NAVIGATION 0 2 0. 0. 0. 0. 0 0
77.408 1 GPS 0 0 0 0 0 0 0 0 0 0 1
77.440 1 NAVIGATION 0 2 0. 0. 0. 0. 0 0
77.556 1 BAT 4125 182 0 0 1 527 0 0
77.558 1 CALIBRATION 0. 0
77.654 1 DOWNLINK 0 241 10989
77.690 1 NAVIGATION 0 2 0. 0. 0. 0. 0 0
77.940 1 NAVIGATION 0 2 0. 0. 0. 0. 0 0
77.942 1 FBW_STATUS 0 49 1 182 0
78.024 1 DOWNLINK_STATUS 78 26731 1214 0 218. 11. 5.97
78.056 1 WP_MOVED 11 360170.5 4813757.5 75. 31
78.190 1 NAVIGATION 0 2 0. 0. 0. 0. 0 0
78.440 1 NAVIGATION 0 2 0. 0. 0. 0. 0 0
78.458 1 GPS 0 0 0 0 0 0 0 0 0 0 1
78.460 1 ESTIMATOR 0. 0.
78.554 1 DL_VALUE 10 0.
78.657 1 BAT 4125 182 0 0 1 528 0 0
78.658 1 IR_SENSORS 511 -66 -577 445 511
78.690 1 NAVIGATION 0 2 0. 0. 0. 0. 0 0
78.756 1 NAVIGATION 0 2 0. 0. 0. 0. 0 0
78.940 1 NAVIGATION 0 2 0. 0. 0. 0. 0 0
79.024 1 DOWNLINK_STATUS 79 26975 1225 0 244. 11. 5.97
79.056 1 ATTITUDE 0.569594 0. -1.081954
79.190 1 NAVIGATION 0 2 0. 0. 0. 0. 0 0
79.440 1 NAVIGATION 0 2 0. 0. 0. 0. 0 0
79.456 1 WP_MOVED 0 360327. 4813637. 75. 31
79.508 1 GPS 0 0 0 0 0 0 0 0 0 0 1
79.690 1 NAVIGATION 0 2 0. 0. 0. 0. 0 0
79.756 1 BAT 4125 182 0 0 1 529 0 0
79.758 1 ESTIMATOR 0. 0.
79.764 1 DESIRED 0.01 -0.26 0. 0. 0. 50. 0. 18.
79.938 1 FBW_STATUS 0 49 1 182 0
79.942 1 NAVIGATION 0 2 0. 0. 0. 0. 0 0
80.025 1 DOWNLINK_STATUS 80 27236 1236 0 261. 11. 5.97
80.038 1 COMMANDS 4125,8355,0,-4507,0
80.054 1 DL_VALUE 0 1.
80.140 1 ACTUATORS 1429,1654,1734,0,1500,0,1500,1935
80.190 1 NAVIGATION 0 2 0. 0. 0. 0. 0 0
80.440 1 NAVIGATION 0 2 0. 0. 0. 0. 0 0
80.492 1 PONG 
80.558 1 GPS 0 0 0 0 0 0 0 0 0 0 1
80.690 1 NAVIGATION 0 2 0. 0. 0. 0. 0 0
80.856 1 BAT 4125 182 0 0 1 530 0 0
80.858 1 WP_MOVED 1 360285. 4813595. 75. 31
80.940 1 NAVIGATION 0 2 0. 0. 0. 0. 0 0
81.025 1 DOWNLINK_STATUS 81 27470 1247 0 234. 11. 5.66
81.054 1 ESTIMATOR 0. 0.
81.190 1 NAVIGATION 0 2 0. 0. 0. 0. 0 0
81.220 1 WIND_INFO 1 42 0. 0. 0.
81.256 1 ALIVE 198,172,38,129,106,172,155,51,18,87,56,130,169,157,53,243
81.354 1 PPRZ_MODE 1 0 0 0 0 21
81.440 1 NAVIGATION 0 2 0. 0. 0. 0. 0 0
81.454 1 STATE_FILTER_STATUS 3 1533
81.554 1 DL_VALUE 1 0.
81.556 1 GPS_SOL 0 0 0 0
81.608 1 GPS 0 0 0 0 0 0 0 0 0 0 1
81.690 1 NAVIGATION 0 2 0. 0. 0. 0. 0 0
81.757 1 NAVIGATION 0 2 0. 0. 0. 0. 0 0
81.938 1 FBW_STATUS 0 50 1 182 0
81.942 1 NAVIGATION 0 2 0. 0. 0. 0. 0 0
81.956 1 BAT 4125 182 0 0 1 532 0 0
82.026 1 DOWNLINK_STATUS 82 27753 1261 0 283. 14. 5.66
82.190 1 NAVIGATION 0 2 0. 0. 0. 0. 0 0
82.256 1 WP_MOVED 2 360334.5 4813695. 75. 31
82.354 1 ESTIMATOR 0. 0.
82.440 1 NAVIGATION 0 2 0. 0. 0. 0. 0 0
82.658 1 GPS 0 0 0 0 0 0 0 0 0 0 1
82.660 1 CALIBRATION 0. 0
82.690 1 NAVIGATION 0 2 0. 0. 0. 0. 0 0
82.754 1 DOWNLINK 0 246 11047
82.940 1 NAVIGATION 0 2 0. 0. 0. 0. 0 0
83.026 1 DOWNLINK_STATUS 83 27946 1270 0 193. 9. 5.66
83.056 1 BAT 4125 182 0 0 1 533 0 0
83.058 1 DL_VALUE 2 50.
83.060 1 ATTITUDE 0.569594 0. -1.081954
83.190 1 NAVIGATION 0 2 0. 0. 0. 0. 0 0
83.440 1 NAVIGATION 0 2 0. 0. 0. 0. 0 0
83.654 1 ESTIMATOR 0. 0.
83.658 1 WP_MOVED 3 360295.09375 4813785. 75. 31
83.690 1 NAVIGATION 0 2 0. 0. 0. 0. 0 0
83.708 1 GPS 0 0 0 0 0 0 0 0 0 0 1
83.808 1 DESIRED 0.01 -0.26 0. 0. 0. 50. 0. 18.
83.854 1 IR_SENSORS 511 -66 -577 445 511
83.938 1 FBW_STATUS 0 49 1 182 0
83.943 1 NAVIGATION 0 2 0. 0. 0. 0. 0 0
84.027 1 DOWNLINK_STATUS 84 28234 1283 0 288. 13. 5.66
84.156 1 BAT 4125 182 0 0 1 534 0 0
84.190 1 NAVIGATION 0 2 0. 0. 0. 0. 0 0
84.440 1 NAVIGATION 0 2 0. 0. 0. 0. 0 0
84.554 1 DL_VALUE 3 107.027
84.690 1 NAVIGATION 0 2 0. 0. 0. 0. 0 0
84.758 1 GPS 0 0 0 0 0 0 0 0 0 0 1
84.762 1 NAVIGATION 0 2 0. 0. 0. 0. 0 0
84.940 1 NAVIGATION 0 2 0. 0. 0. 0. 0 0
84.954 1 ESTIMATOR 0. 0.
85.028 1 DOWNLINK_STATUS 85 28442 1292 0 208. 9. 5.66
85.038 1 COMMANDS 4125,8355,0,-4507,0
85.056 1 WP_MOVED 4 360417.3125 4813734. 75. 31
85.138 1 ACTUATORS 1429,1654,1734,0,1500,0,1500,1935
85.190 1 NAVIGATION 0 2 0. 0. 0. 0. 0 0
85.256 1 BAT 4125 182 0 0 1 535 0 0
85.440 1 NAVIGATION 0 2 0. 0. 0. 0. 0 0
85.492 1 PONG 
85.690 1 NAVIGATION 0 2 0. 0. 0. 0. 0 0
85.808 1 GPS 0 0 0 0 0 0 0 0 0 0 1
85.940 1 NAVIGATION 0 2 0. 0. 0. 0. 0 0
85.942 1 FBW_STATUS 0 49 1 182 0
85.954 1 NAVIGATION_REF 360285 4813595 31
86.028 1 DOWNLINK_STATUS 86 28694 1304 0 252. 12. 4.31
86.054 1 DL_VALUE 4 0.
86.190 1 NAVIGATION 0 2 0. 0. 0. 0. 0 0
86.254 1 ESTIMATOR 0. 0.
86.258 1 ALIVE 198,172,38,129,106,172,155,51,18,87,56,130,169,157,53,243
86.356 1 BAT 4125 182 0 0 1 536 0 0
86.358 1 PPRZ_MODE 1 0 0 0 0 21
86.440 1 NAVIGATION 0 2 0. 0. 0. 0. 0 0
86.456 1 WP_MOVED 5 360422. 4813583.5 75. 31
86.456 1 STATE_FILTER_STATUS 3 1533
86.554 1 GPS_SOL 0 0 0 0
86.690 1 NAVIGATION 0 2 0. 0. 0. 0. 0 0
86.858 1 GPS 0 0 0 0 0 0 0 0 0 0 1
86.940 1 NAVIGATION 0 2 0. 0. 0. 0. 0 0
87.028 1 DOWNLINK_STATUS 87 28957 1317 0 263. 13. 4.31
87.054 1 ATTITUDE 0.569594 0. -1.081954
87.190 1 NAVIGATION 0 2 0. 0. 0. 0. 0 0
87.439 1 NAVIGATION 0 2 0. 0. 0. 0. 0 0
87.455 1 BAT 4125 182 0 0 1 537 0 0
87.553 1 ESTIMATOR 0. 0.
87.555 1 DL_VALUE 5 0.
87.689 1 NAVIGATION 0 2 0. 0. 0. 0. 0 0
87.755 1 NAVIGATION 0 2 0. 0. 0. 0. 0 0
87.757 1 CALIBRATION 0. 0
87.855 1 WP_MOVED 6 360165.8125 4813664.5 75. 31
87.861 1 DESIRED 0.01 -0.26 0. 0. 0. 50. 0. 18.
87.863 1 DOWNLINK 0 251 11107
87.907 1 GPS 0 0 0 0 0 0 0 0 0 0 1
87.937 1 FBW_STATUS 0 49 1 182 0
87.941 1 NAVIGATION 0 2 0. 0. 0. 0. 0 0
88.029 1 DOWNLINK_STATUS 88 29277 1332 0 320. 15. 4.31
88.189 1 NAVIGATION 0 2 0. 0. 0. 0. 0 0
88.439 1 NAVIGATION 0 2 0. 0. 0. 0. 0 0
88.555 1 BAT 4125 182 0 0 1 538 0 0
88.689 1 NAVIGATION 0 2 0. 0. 0. 0. 0 0
88.853 1 ESTIMATOR 0. 0.
88.939 1 NAVIGATION 0 2 0. 0. 0. 0. 0 0
88.957 1 GPS 0 0 0 0 0 0 0 0 0 0 1
89.031 1 DOWNLINK_STATUS 89 29448 1339 0 171. 7. 4.31
89.053 1 DL_VALUE 6 100.
89.055 1 IR_SENSORS 511 -67 -578 444 511
89.189 1 NAVIGATION 0 2 0. 0. 0. 0. 0 0
89.255 1 WP_MOVED 7 360559.40625 4813804.5 75. 31
89.439 1 NAVIGATION 0 2 0. 0. 0. 0. 0 0
89.655 1 BAT 4125 182 0 0 1 539 0 0
89.689 1 NAVIGATION 0 2 0. 0. 0. 0. 0 0
89.937 1 FBW_STATUS 0 49 1 182 0
89.941 1 NAVIGATION 0 2 0. 0. 0. 0. 0 0
90.007 1 GPS 0 0 0 0 0 0 0 0 0 0 1
90.031 1 DOWNLINK_STATUS 90 29666 1349 0 218. 10. 4.31
90.037 1 COMMANDS 4125,8363,0,-4500,0
90.139 1 ACTUATORS 1429,1654,1734,0,1500,0,1500,1935
90.153 1 ESTIMATOR 0. 0.
90.189 1 NAVIGATION 0 2 0. 0. 0. 0. 0 0
90.439 1 NAVIGATION 0 2 0. 0. 0. 0. 0 0
90.493 1 PONG 
90.553 1 DL_VALUE 7 1.
90.655 1 WP_MOVED 8 360462.40625 4813640. 30. 31
90.689 1 NAVIGATION 0 2 0. 0. 0. 0. 0 0
90.756 1 BAT 4125 182 0 0 1 540 0 0
90.759 1 NAVIGATION 0 2 0. 0. 0. 0. 0 0
90.939 1 NAVIGATION 0 2 0. 0. 0. 0. 0 0
91.031 1 DOWNLINK_STATUS 91 29907 1361 0 241. 12. 5.48
91.057 1 GPS 0 0 0 0 0 0 0 0 0 0 1
91.059 1 ATTITUDE 0.568708 0. -1.082814
91.189 1 NAVIGATION 0 2 0. 0. 0. 0. 0 0
91.220 1 WIND_INFO 1 42 0. 0. 0.
91.255 1 ALIVE 198,172,38,129,106,172,155,51,18,87,56,130,169,157,53,243
91.353 1 PPRZ_MODE 1 0 0 0 0 21
91.439 1 NAVIGATION 0 2 0. 0. 0. 0. 0 0
91.453 1 ESTIMATOR 0. 0.
91.455 1 STATE_FILTER_STATUS 3 1533
91.553 1 GPS_SOL 0 0 0 0
91.689 1 NAVIGATION 0 2 0. 0. 0. 0. 0 0
91.855 1 BAT 4125 182 0 0 1 541 0 0
91.907 1 DESIRED 0.01 -0.26 0. 0. 0. 50. 0. 18.
91.937 1 FBW_STATUS 0 49 1 182 0
91.941 1 NAVIGATION 0 2 0. 0. 0. 0. 0 0
92.032 1 DOWNLINK_STATUS 92 30209 1375 0 302. 14. 5.48
92.055 1 WP_MOVED 9 360313.8125 4813652. 0. 31
92.055 1 DL_VALUE 8 1.
92.107 1 GPS 0 0 0 0 0 0 0 0 0 0 1
92.189 1 NAVIGATION 0 2 0. 0. 0. 0. 0 0
92.439 1 NAVIGATION 0 2 0. 0. 0. 0. 0 0
92.689 1 NAVIGATION 0 2 0. 0. 0. 0. 0 0
92.753 1 ESTIMATOR 0. 0.
92.853 1 CALIBRATION 0. 0
92.939 1 NAVIGATION 0 2 0. 0. 0. 0. 0 0
92.953 1 BAT 4125 182 0 0 1 543 0 0
92.955 1 DOWNLINK 0 240 11164
93.033 1 DOWNLINK_STATUS 93 30433 1386 0 224. 11. 5.48
93.157 1 GPS 0 0 0 0 0 0 0 0 0 0 1
93.189 1 NAVIGATION 0 2 0. 0. 0. 0. 0 0
93.439 1 NAVIGATION 0 2 0. 0. 0. 0. 0 0
93.455 1 WP_MOVED 10 360453.8125 4813581. 75. 31
93.553 1 DL_VALUE 9 1.
93.689 1 NAVIGATION 0 2 0. 0. 0. 0. 0 0
93.755 1 NAVIGATION 0 2 0. 0. 0. 0. 0 0
93.937 1 FBW_STATUS 0 49 1 182 0
93.941 1 NAVIGATION 0 2 0. 0. 0. 0. 0 0
94.034 1 DOWNLINK_STATUS 94 30641 1395 0 208. 9. 5.48
94.053 1 BAT 4125 182 0 0 1 544 0 0
94.057 1 ESTIMATOR 0. 0.
94.189 1 NAVIGATION 0 2 0. 0. 0. 0. 0 0
94.207 1 GPS 0 0 0 0 0 0 0 0 0 0 1
94.253 1 IR_SENSORS 511 -67 -578 444 511
94.439 1 NAVIGATION 0 2 0. 0. 0. 0. 0 0
94.689 1 NAVIGATION 0 2 0. 0. 0. 0. 0 0
94.853 1 WP_MOVED 11 360170.5 4813757.5 75. 31
94.939 1 NAVIGATION 0 2 0. 0. 0. 0. 0 0
94.953 1 NAVIGATION_REF 360285 4813595 31
95.035 1 DOWNLINK_STATUS 95 30863 1405 0 222. 10. 5.48
95.037 1 COMMANDS 4125,8355,0,-4507,0
95.053 1 DL_VALUE 10 0.
95.055 1 ATTITUDE 0.568708 0. -1.082814
95.137 1 ACTUATORS 1429,1654,1734,0,1500,0,1500,1935
95.153 1 BAT 4125 182 0 0 1 545 0 0
95.189 1 NAVIGATION 0 2 0. 0. 0. 0. 0 0
95.257 1 GPS 0 0 0 0 0 0 0 0 0 0 1
95.353 1 ESTIMATOR 0. 0.
95.439 1 NAVIGATION 0 2 0. 0. 0. 0. 0 0
95.493 1 PONG 
95.689 1 NAVIGATION 0 2 0. 0. 0. 0. 0 0
95.937 1 NAVIGATION 0 2 0. 0. 0. 0. 0 0
95.941 1 FBW_STATUS 0 49 1 182 0
95.957 1 DESIRED 0.01 -0.26 0. 0. 0. 50. 0. 18.
96.035 1 DOWNLINK_STATUS 96 31161 1419 0 298. 14. 5.04
96.189 1 NAVIGATION 0 2 0. 0. 0. 0. 0 0
96.253 1 BAT 4125 182 0 0 1 546 0 0
96.257 1 WP_MOVED 0 360327. 4813637. 75. 31
96.261 1 ALIVE 198,172,38,129,106,172,155,51,18,87,56,130,169,157,53,243
96.307 1 GPS 0 0 0 0 0 0 0 0 0 0 1
96.353 1 PPRZ_MODE 1 0 0 0 0 21
96.439 1 NAVIGATION 0 2 0. 0. 0. 0. 0 0
96.451 1 STATE_FILTER_STATUS 3 1533
96.553 1 DL_VALUE 0 1.
96.555 1 GPS_SOL 0 0 0 0
96.653 1 ESTIMATOR 0. 0.
96.687 1 NAVIGATION 0 2 0. 0. 0. 0. 0 0
96.755 1 NAVIGATION 0 2 0. 0. 0. 0. 0 0
96.937 1 NAVIGATION 0 2 0. 0. 0. 0. 0 0
97.036 1 DOWNLINK_STATUS 97 31450 1433 0 289. 14. 5.04
97.187 1 NAVIGATION 0 2 0. 0. 0. 0. 0 0
97.355 1 GPS 0 0 0 0 0 0 0 0 0 0 1
97.359 1 BAT 4125 182 0 0 1 547 0 0
97.437 1 NAVIGATION 0 2 0. 0. 0. 0. 0 0
97.653 1 WP_MOVED 1 360285. 4813595. 75. 31
97.687 1 NAVIGATION 0 2 0. 0. 0. 0. 0 0
97.935 1 FBW_STATUS 0 50 1 182 0
97.941 1 NAVIGATION 0 2 0. 0. 0. 0. 0 0
97.953 1 ESTIMATOR 0. 0.
97.955 1 CALIBRATION 0. 0
98.036 1 DOWNLINK_STATUS 98 31666 1443 0 216. 10. 5.04
98.053 1 DL_VALUE 1 0.
98.053 1 DOWNLINK 0 246 11223
98.187 1 NAVIGATION 0 2 0. 0. 0. 0. 0 0
98.405 1 GPS 0 0 0 0 0 0 0 0 0 0 1
98.437 1 NAVIGATION 0 2 0. 0. 0. 0. 0 0
98.453 1 BAT 4125 182 0 0 1 548 0 0
98.687 1 NAVIGATION 0 2 0. 0. 0. 0. 0 0
98.937 1 NAVIGATION 0 2 0. 0. 0. 0. 0 0
99.036 1 DOWNLINK_STATUS 99 31845 1451 0 179. 8. 5.04
99.053 1 WP_MOVED 2 360334.5 4813695. 75. 31
99.057 1 ATTITUDE 0.568708 0. -1.082814
99.187 1 NAVIGATION 0 2 0. 0. 0. 0. 0 0
99.253 1 ESTIMATOR 0. 0.
99.437 1 NAVIGATION 0 2 0. 0. 0. 0. 0 0
99.455 1 GPS 0 0 0 0 0 0 0 0 0 0 1
99.459 1 IR_SENSORS 511 -67 -578 444 511
99.553 1 BAT 4125 182 0 0 1 549 0 0
99.555 1 DL_VALUE 2 50.
99.687 1 NAVIGATION 0 2 0. 0. 0. 0. 0 0
99.755 1 NAVIGATION 0 2 0. 0. 0. 0. 0 0
99.935 1 FBW_STATUS 0 50 1 182 0
99.939 1 NAVIGATION 0 2 0. 0. 0. 0. 0 0
100.007 1 DESIRED 0.01 -0.26 0. 0. 0. 50. 0. 18.
100.037 1 COMMANDS 4125,8363,0,-4500,0
100.037 1 DOWNLINK_STATUS 100 32176 1466 0 331. 15. 5.04
100.137 1 ACTUATORS 1429,1654,1734,0,1500,0,1500,1935
100.187 1 NAVIGATION 0 2 0. 0. 0. 0. 0 0
100.437 1 NAVIGATION 0 2 0. 0. 0. 0. 0 0
100.453 1 WP_MOVED 3 360295.09375 4813785. 75. 31
100.493 1 PONG 
100.505 1 GPS 0 0 0 0 0 0 0 0 0 0 1
100.553 1 ESTIMATOR 0. 0.
100.653 1 BAT 4125 182 0 0 1 550 0 0
100.687 1 NAVIGATION 0 2 0. 0. 0. 0. 0 0
100.937 1 NAVIGATION 0 2 0. 0. 0. 0. 0 0
101.038 1 DOWNLINK_STATUS 101 32396 1476 0 220. 10. 4.6
101.051 1 DL_VALUE 3 107.027
101.187 1 NAVIGATION 0 2 0. 0. 0. 0. 0 0
101.220 1 WIND_INFO 1 42 0. 0. 0.
101.253 1 ALIVE 198,172,38,129,106,172,155,51,18,87,56,130,169,157,53,243
101.351 1 PPRZ_MODE 1 0 0 0 0 21
101.437 1 NAVIGATION 0 2 0. 0. 0. 0. 0 0
101.451 1 STATE_FILTER_STATUS 3 1533
101.555 1 GPS 0 0 0 0 0 0 0 0 0 0 1
101.559 1 GPS_SOL 0 0 0 0
101.687 1 NAVIGATION 0 2 0. 0. 0. 0. 0 0
101.753 1 BAT 4125 182 0 0 1 551 0 0
101.853 1 ESTIMATOR 0. 0.
101.855 1 WP_MOVED 4 360417.3125 4813734. 75. 31
101.935 1 FBW_STATUS 0 50 1 182 0
101.939 1 NAVIGATION 0 2 0. 0. 0. 0. 0 0
102.038 1 DOWNLINK_STATUS 102 32673 1490 0 277. 14. 4.6
102.188 1 NAVIGATION 0 2 0. 0. 0. 0. 0 0
102.437 1 NAVIGATION 0 2 0. 0. 0. 0. 0 0
102.551 1 DL_VALUE 4 0.
102.605 1 GPS 0 0 0 0 0 0 0 0 0 0 1
102.687 1 NAVIGATION 0 2 0. 0. 0. 0. 0 0
102.755 1 NAVIGATION 0 2 0. 0. 0. 0. 0 0
102.853 1 BAT 4125 182 0 0 1 552 0 0
102.937 1 NAVIGATION 0 2 0. 0. 0. 0. 0 0
103.039 1 DOWNLINK_STATUS 103 32867 1498 0 194. 8. 4.6
103.053 1 ATTITUDE 0.568708 0. -1.082814
103.055 1 CALIBRATION 0. 0
103.153 1 ESTIMATOR 0. 0.
103.155 1 DOWNLINK 0 241 11280
103.187 1 NAVIGATION 0 2 0. 0. 0. 0. 0 0
103.253 1 WP_MOVED 5 360422. 4813583.5 75. 31
103.437 1 NAVIGATION 0 2 0. 0. 0. 0. 0 0
103.655 1 GPS 0 0 0 0 0 0 0 0 0 0 1
103.687 1 NAVIGATION 0 2 0. 0. 0. 0. 0 0
103.935 1 FBW_STATUS 0 50 1 182 0
103.939 1 NAVIGATION 0 2 0. 0. 0. 0. 0 0
103.953 1 BAT 4125 182 0 0 1 554 0 0
103.955 1 NAVIGATION_REF 360285 4813595 31
104.040 1 DOWNLINK_STATUS 104 33127 1511 0 260. 13. 4.6
104.051 1 DL_VALUE 5 0.
104.059 1 DESIRED 0.01 -0.26 0. 0. 0. 50. 0. 18.
104.187 1 NAVIGATION 0 2 0. 0. 0. 0. 0 0
104.437 1 NAVIGATION 0 2 0. 0. 0. 0. 0 0
104.451 1 ESTIMATOR 0. 0.
104.653 1 WP_MOVED 6 360165.8125 4813664.5 75. 31
104.655 1 IR_SENSORS 511 -66 -577 445 511
104.687 1 NAVIGATION 0 2 0. 0. 0. 0. 0 0
104.705 1 GPS 0 0 0 0 0 0 0 0 0 0 1
104.937 1 NAVIGATION 0 2 0. 0. 0. 0. 0 0
105.035 1 COMMANDS 4125,8355,0,-4507,0
105.040 1 DOWNLINK_STATUS 105 33380 1522 0 253. 11. 4.6
105.053 1 BAT 4125 182 0 0 1 555 0 0
105.137 1 ACTUATORS 1429,1654,1734,0,1500,0,1500,1935
105.187 1 NAVIGATION 0 2 0. 0. 0. 0. 0 0
105.437 1 NAVIGATION 0 2 0. 0. 0. 0. 0 0
105.495 1 PONG 
105.551 1 DL_VALUE 6 100.
105.689 1 NAVIGATION 0 2 0. 0. 0. 0. 0 0
105.756 1 GPS 0 0 0 0 0 0 0 0 0 0 1
105.757 1 ESTIMATOR 0. 0.
105.762 1 NAVIGATION 0 2 0. 0. 0. 0. 0 0
105.935 1 FBW_STATUS 0 49 1 182 0
105.939 1 NAVIGATION 0 2 0. 0. 0. 0. 0 0
106.041 1 DOWNLINK_STATUS 106 33631 1534 0 251. 12. 5.5
106.053 1 WP_MOVED 7 360559.40625 4813804.5 75. 31
106.153 1 BAT 4125 182 0 0 1 556 0 0
106.187 1 NAVIGATION 0 2 0. 0. 0. 0. 0 0
106.253 1 ALIVE 198,172,38,129,106,172,155,51,18,87,56,130,169,157,53,243
106.351 1 PPRZ_MODE 1 0 0 0 0 21
106.437 1 NAVIGATION 0 2 0. 0. 0. 0. 0 0
106.451 1 STATE_FILTER_STATUS 3 1533
106.553 1 GPS_SOL 0 0 0 0
106.688 1 NAVIGATION 0 2 0. 0. 0. 0. 0 0
106.805 1 GPS 0 0 0 0 0 0 0 0 0 0 1
106.937 1 NAVIGATION 0 2 0. 0. 0. 0. 0 0
107.041 1 DOWNLINK_STATUS 107 33869 1545 0 238. 11. 5.5
107.053 1 ESTIMATOR 0. 0.
107.053 1 DL_VALUE 7 1.
107.057 1 ATTITUDE 0.568708 0. -1.082814
107.187 1 NAVIGATION 0 2 0. 0. 0. 0. 0 0
107.253 1 BAT 4125 182 0 0 1 557 0 0
107.437 1 NAVIGATION 0 2 0. 0. 0. 0. 0 0
107.453 1 WP_MOVED 8 360462.40625 4813640. 30. 31
107.687 1 NAVIGATION 0 2 0. 0. 0. 0. 0 0
107.855 1 GPS 0 0 0 0 0 0 0 0 0 0 1
107.935 1 FBW_STATUS 0 50 1 182 0
107.939 1 NAVIGATION 0 2 0. 0. 0. 0. 0 0
108.041 1 DOWNLINK_STATUS 108 34103 1556 0 234. 11. 5.5
108.107 1 DESIRED 0.01 -0.26 0. 0. 0. 50. 0. 18.
108.151 1 CALIBRATION 0. 0
108.187 1 NAVIGATION 0 2 0. 0. 0. 0. 0 0
108.251 1 DOWNLINK 0 248 11338
108.353 1 BAT 4125 182 0 0 1 558 0 0
108.355 1 ESTIMATOR 0. 0.
108.437 1 NAVIGATION 0 2 0. 0. 0. 0. 0 0
108.551 1 DL_VALUE 8 1.
108.687 1 NAVIGATION 0 2 0. 0. 0. 0. 0 0
108.753 1 NAVIGATION 0 2 0. 0. 0. 0. 0 0
108.853 1 WP_MOVED 9 360313.8125 4813652. 0. 31
108.905 1 GPS 0 0 0 0 0 0 0 0 0 0 1
108.937 1 NAVIGATION 0 2 0. 0. 0. 0. 0 0
109.042 1 DOWNLINK_STATUS 109 34391 1569 0 288. 13. 5.5
109.187 1 NAVIGATION 0 2 0. 0. 0. 0. 0 0
109.437 1 NAVIGATION 0 2 0. 0. 0. 0. 0 0
109.453 1 BAT 4125 182 0 0 1 559 0 0
109.651 1 ESTIMATOR 0. 0.
109.687 1 NAVIGATION 0 2 0. 0. 0. 0. 0 0
109.853 1 IR_SENSORS 511 -66 -577 445 511
109.937 1 NAVIGATION 0 2 0. 0. 0. 0. 0 0
109.939 1 FBW_STATUS 0 50 1 182 0
109.955 1 GPS 0 0 0 0 0 0 0 0 0 0 1
110.035 1 COMMANDS 4125,8355,0,-4507,0
110.042 1 DOWNLINK_STATUS 110 34609 1579 0 218. 10. 5.5
110.051 1 DL_VALUE 9 1.
110.137 1 ACTUATORS 1429,1654,1734,0,1500,0,1500,1935
110.187 1 NAVIGATION 0 2 0. 0. 0. 0. 0 0
110.253 1 WP_MOVED 10 360453.8125 4813581. 75. 31
110.437 1 NAVIGATION 0 2 0. 0. 0. 0. 0 0
110.495 1 PONG 
110.553 1 BAT 4125 182 0 0 1 560 0 0
110.687 1 NAVIGATION 0 2 0. 0. 0. 0. 0 0
110.937 1 NAVIGATION 0 2 0. 0. 0. 0. 0 0
110.951 1 ESTIMATOR 0. 0.
111.005 1 GPS 0 0 0 0 0 0 0 0 0 0 1
111.042 1 DOWNLINK_STATUS 111 34840 1590 0 231. 11. 5.11
111.053 1 ATTITUDE 0.569594 0. -1.081954
111.187 1 NAVIGATION 0 2 0. 0. 0. 0. 0 0
111.221 1 WIND_INFO 1 42 0. 0. 0.
111.253 1 ALIVE 198,172,38,129,106,172,155,51,18,87,56,130,169,157,53,243
111.351 1 PPRZ_MODE 1 0 0 0 0 21
111.437 1 NAVIGATION 0 2 0. 0. 0. 0. 0 0
111.451 1 STATE_FILTER_STATUS 3 1533
111.551 1 DL_VALUE 10 0.
111.553 1 GPS_SOL 0 0 0 0
111.653 1 BAT 4125 182 0 0 1 561 0 0
111.657 1 WP_MOVED 11 360170.5 4813757.5 75. 31
111.687 1 NAVIGATION 0 2 0. 0. 0. 0. 0 0
111.753 1 NAVIGATION 0 2 0. 0. 0. 0. 0 0
111.935 1 FBW_STATUS 0 50 1 182 0
111.939 1 NAVIGATION 0 2 0. 0. 0. 0. 0 0
112.043 1 DOWNLINK_STATUS 112 35114 1604 0 274. 14. 5.11
112.055 1 GPS 0 0 0 0 0 0 0 0 0 0 1
112.155 1 DESIRED 0.01 -0.26 0. 0. 0. 50. 0. 18.
112.187 1 NAVIGATION 0 2 0. 0. 0. 0. 0 0
112.251 1 ESTIMATOR 0. 0.
112.437 1 NAVIGATION 0 2 0. 0. 0. 0. 0 0
112.687 1 NAVIGATION 0 2 0. 0. 0. 0. 0 0
112.753 1 BAT 4125 182 0 0 1 562 0 0
112.937 1 NAVIGATION 0 2 0. 0. 0. 0. 0 0
112.951 1 NAVIGATION_REF 360285 4813595 31
113.043 1 DOWNLINK_STATUS 113 35338 1613 0 224. 9. 5.11
113.053 1 WP_MOVED 0 360327. 4813637. 75. 31
113.055 1 DL_VALUE 0 1.
113.105 1 GPS 0 0 0 0 0 0 0 0 0 0 1
113.187 1 NAVIGATION 0 2 0. 0. 0. 0. 0 0
113.251 1 CALIBRATION 0. 0
113.351 1 DOWNLINK 0 247 11397
113.437 1 NAVIGATION 0 2 0. 0. 0. 0. 0 0
113.551 1 ESTIMATOR 0. 0.
113.687 1 NAVIGATION 0 2 0. 0. 0. 0. 0 0
113.853 1 BAT 4125 182 0 0 1 563 0 0
113.935 1 FBW_STATUS 0 50 1 182 0
113.939 1 NAVIGATION 0 2 0. 0. 0. 0. 0 0
114.044 1 DOWNLINK_STATUS 114 35576 1625 0 238. 12. 5.11
114.155 1 GPS 0 0 0 0 0 0 0 0 0 0 1
114.191 1 NAVIGATION 0 2 0. 0. 0. 0. 0 0
114.437 1 NAVIGATION 0 2 0. 0. 0. 0. 0 0
114.453 1 WP_MOVED 1 360285. 4813595. 75. 31
114.551 1 DL_VALUE 1 0.
114.687 1 NAVIGATION 0 2 0. 0. 0. 0. 0 0
114.753 1 NAVIGATION 0 2 0. 0. 0. 0. 0 0
114.851 1 ESTIMATOR 0. 0.
114.937 1 NAVIGATION 0 2 0. 0. 0. 0. 0 0
114.953 1 BAT 4125 182 0 0 1 565 0 0
115.035 1 COMMANDS 4125,8355,0,-4507,0
115.045 1 DOWNLINK_STATUS 115 35821 1636 0 245. 11. 5.11
115.051 1 ATTITUDE 0.569594 0. -1.081954
115.055 1 IR_SENSORS 511 -66 -577 445 511
115.137 1 ACTUATORS 1429,1654,1734,0,1500,0,1500,1935
115.187 1 NAVIGATION 0 2 0. 0. 0. 0. 0 0
115.205 1 GPS 0 0 0 0 0 0 0 0 0 0 1
115.437 1 NAVIGATION 0 2 0. 0. 0. 0. 0 0
115.495 1 PONG 
115.687 1 NAVIGATION 0 2 0. 0. 0. 0. 0 0
115.853 1 WP_MOVED 2 360334.5 4813695. 75. 31
115.935 1 FBW_STATUS 0 49 1 182 0
115.939 1 NAVIGATION 0 2 0. 0. 0. 0. 0 0
116.045 1 DOWNLINK_STATUS 116 36055 1647 0 234. 11. 4.37
116.053 1 BAT 4125 182 0 0 1 566 0 0
116.055 1 DL_VALUE 2 50.
116.151 1 ESTIMATOR 0. 0.
116.187 1 NAVIGATION 0 2 0. 0. 0. 0. 0 0
116.205 1 DESIRED 0.01 -0.26 0. 0. 0. 50. 0. 18.
116.255 1 GPS 0 0 0 0 0 0 0 0 0 0 1
116.259 1 ALIVE 198,172,38,129,106,172,155,51,18,87,56,130,169,157,53,243
116.351 1 PPRZ_MODE 1 0 0 0 0 21
116.437 1 NAVIGATION 0 2 0. 0. 0. 0. 0 0
116.451 1 STATE_FILTER_STATUS 3 1533
116.551 1 GPS_SOL 0 0 0 0
116.687 1 NAVIGATION 0 2 0. 0. 0. 0. 0 0
116.937 1 NAVIGATION 0 2 0. 0. 0. 0. 0 0
117.045 1 DOWNLINK_STATUS 117 36336 1660 0 281. 13. 4.37
117.153 1 BAT 4125 182 0 0 1 567 0 0
117.187 1 NAVIGATION 0 2 0. 0. 0. 0. 0 0
117.253 1 WP_MOVED 3 360295.09375 4813785. 75. 31
117.305 1 GPS 0 0 0 0 0 0 0 0 0 0 1
117.437 1 NAVIGATION 0 2 0. 0. 0. 0. 0 0
117.451 1 ESTIMATOR 0. 0.
117.551 1 DL_VALUE 3 107.027
117.687 1 NAVIGATION 0 2 0. 0. 0. 0. 0 0
117.753 1 NAVIGATION 0 2 0. 0. 0. 0. 0 0
117.934 1 FBW_STATUS 0 49 1 182 0
117.938 1 NAVIGATION 0 2 0. 0. 0. 0. 0 0
118.046 1 DOWNLINK_STATUS 118 36578 1671 0 242. 11. 4.37
118.186 1 NAVIGATION 0 2 0. 0. 0. 0. 0 0
118.251 1 BAT 4125 182 0 0 1 568 0 0
118.354 1 GPS 0 0 0 0 0 0 0 0 0 0 1
118.355 1 CALIBRATION 0. 0
118.436 1 NAVIGATION 0 2 0. 0. 0. 0. 0 0
118.449 1 DOWNLINK 0 246 11455
118.652 1 WP_MOVED 4 360417.3125 4813734. 75. 31
118.685 1 NAVIGATION 0 2 0. 0. 0. 0. 0 0
118.751 1 ESTIMATOR 0. 0.
118.936 1 NAVIGATION 0 2 0. 0. 0. 0. 0 0
119.046 1 DOWNLINK_STATUS 119 36791 1681 0 213. 10. 4.37
119.049 1 DL_VALUE 4 0.
119.054 1 ATTITUDE 0.569594 0. -1.081954
119.186 1 NAVIGATION 0 2 0. 0. 0. 0. 0 0
119.351 1 BAT 4125 182 0 0 1 569 0 0
119.404 1 GPS 0 0 0 0 0 0 0 0 0 0 1
119.435 1 NAVIGATION 0 2 0. 0. 0. 0. 0 0
119.686 1 NAVIGATION 0 2 0. 0. 0. 0. 0 0
119.936 1 NAVIGATION 0 2 0. 0. 0. 0. 0 0
119.937 1 FBW_STATUS 0 49 1 182 0
120.033 1 COMMANDS 4125,8363,0,-4500,0
120.047 1 DOWNLINK_STATUS 120 37008 1691 0 217. 10. 4.37
120.049 1 ESTIMATOR 0. 0.
120.053 1 WP_MOVED 5 360422. 4813583.5 75. 31
120.136 1 ACTUATORS 1429,1654,1734,0,1500,0,1500,1935
120.186 1 NAVIGATION 0 2 0. 0. 0. 0. 0 0
120.256 1 DESIRED 0.01 -0.26 0. 0. 0. 50. 0. 18.
120.257 1 IR_SENSORS 511 -66 -577 445 511
120.436 1 NAVIGATION 0 2 0. 0. 0. 0. 0 0
120.454 1 GPS 0 0 0 0 0 0 0 0 0 0 1
120.457 1 BAT 4125 182 0 0 1 570 0 0
120.495 1 PONG 
120.549 1 DL_VALUE 5 0.
120.686 1 NAVIGATION 0 2 0. 0. 0. 0. 0 0
120.752 1 NAVIGATION 0 2 0. 0. 0. 0. 0 0
120.936 1 NAVIGATION 0 2 0. 0. 0. 0. 0 0
121.047 1 DOWNLINK_STATUS 121 37319 1705 0 311. 14. 4.75
121.186 1 NAVIGATION 0 2 0. 0. 0. 0. 0 0
121.221 1 WIND_INFO 1 42 0. 0. 0.
121.252 1 ALIVE 198,172,38,129,106,172,155,51,18,87,56,130,169,157,53,243
121.349 1 ESTIMATOR 0. 0.
121.351 1 PPRZ_MODE 1 0 0 0 0 21
121.435 1 NAVIGATION 0 2 0. 0. 0. 0. 0 0
121.451 1 WP_MOVED 6 360165.8125 4813664.5 75. 31
121.453 1 STATE_FILTER_STATUS 3 1533
121.504 1 GPS 0 0 0 0 0 0 0 0 0 0 1
121.551 1 BAT 4125 182 0 0 1 571 0 0
121.553 1 GPS_SOL 0 0 0 0
121.686 1 NAVIGATION 0 2 0. 0. 0. 0. 0 0
121.933 1 FBW_STATUS 0 50 1 182 0
121.937 1 NAVIGATION 0 2 0. 0. 0. 0. 0 0
121.949 1 NAVIGATION_REF 360285 4813595 31
122.048 1 DOWNLINK_STATUS 122 37600 1719 0 281. 14. 4.75
122.049 1 DL_VALUE 6 100.
122.186 1 NAVIGATION 0 2 0. 0. 0. 0. 0 0
122.436 1 NAVIGATION 0 2 0. 0. 0. 0. 0 0
122.554 1 GPS 0 0 0 0 0 0 0 0 0 0 1
122.651 1 BAT 4125 182 0 0 1 572 0 0
122.653 1 ESTIMATOR 0. 0.
122.686 1 NAVIGATION 0 2 0. 0. 0. 0. 0 0
122.852 1 WP_MOVED 7 360559.40625 4813804.5 75. 31
122.936 1 NAVIGATION 0 2 0. 0. 0. 0. 0 0
123.047 1 DOWNLINK_STATUS 123 37802 1728 0 202. 9. 4.75
123.051 1 ATTITUDE 0.568708 0. -1.082814
123.185 1 NAVIGATION 0 2 0. 0. 0. 0. 0 0
123.436 1 NAVIGATION 0 2 0. 0. 0. 0. 0 0
123.449 1 CALIBRATION 0. 0
123.549 1 DL_VALUE 7 1.
123.551 1 DOWNLINK 0 235 11512
123.604 1 GPS 0 0 0 0 0 0 0 0 0 0 1
123.685 1 NAVIGATION 0 2 0. 0. 0. 0. 0 0
123.752 1 BAT 4125 182 0 0 1 573 0 0
123.756 1 NAVIGATION 0 2 0. 0. 0. 0. 0 0
123.936 1 NAVIGATION 0 2 0. 0. 0. 0. 0 0
123.937 1 FBW_STATUS 0 50 1 182 0
123.949 1 ESTIMATOR 0. 0.
124.048 1 DOWNLINK_STATUS 124 38064 1741 0 262. 13. 4.75
124.186 1 NAVIGATION 0 2 0. 0. 0. 0. 0 0
124.252 1 WP_MOVED 8 360462.40625 4813640. 30. 31
124.304 1 DESIRED 0.01 -0.26 0. 0. 0. 50. 0. 18.
124.436 1 NAVIGATION 0 2 0. 0. 0. 0. 0 0
124.653 1 GPS 0 0 0 0 0 0 0 0 0 0 1
124.686 1 NAVIGATION 0 2 0. 0. 0. 0. 0 0
124.851 1 BAT 4125 182 0 0 1 574 0 0
124.936 1 NAVIGATION 0 2 0. 0. 0. 0. 0 0
125.033 1 COMMANDS 4125,8355,75,-4507,0
125.049 1 DOWNLINK_STATUS 125 38296 1750 0 232. 9. 4.75
125.049 1 DL_VALUE 8 1.
125.135 1 ACTUATORS 1429,1654,1734,0,1503,0,1500,1935
125.186 1 NAVIGATION 0 2 0. 0. 0. 0. 0 0
125.249 1 ESTIMATOR 0. 0.
125.435 1 NAVIGATION 0 2 0. 0. 0. 0. 0 0
125.449 1 IR_SENSORS 511 -67 -578 444 511
125.497 1 PONG 
125.652 1 WP_MOVED 9 360313.8125 4813652. 0. 31
125.686 1 NAVIGATION 0 2 0. 0. 0. 0. 0 0
125.703 1 GPS 0 0 0 0 0 0 0 0 0 0 1
125.933 1 FBW_STATUS 0 50 1 182 0
125.937 1 NAVIGATION 0 2 0. 0. 0. 0. 0 0
125.951 1 BAT 4125 182 0 0 1 576 0 0
126.050 1 DOWNLINK_STATUS 126 38557 1763 0 261. 13. 6.
126.185 1 NAVIGATION 0 2 0. 0. 0. 0. 0 0
126.252 1 ALIVE 198,172,38,129,106,172,155,51,18,87,56,130,169,157,53,243
126.349 1 PPRZ_MODE 1 0 0 0 0 21
126.436 1 NAVIGATION 0 2 0. 0. 0. 0. 0 0
126.449 1 STATE_FILTER_STATUS 3 1533
126.549 1 ESTIMATOR 0. 0.
126.551 1 DL_VALUE 9 1.
126.555 1 GPS_SOL 0 0 0 0
126.686 1 NAVIGATION 0 2 0. 0. 0. 0. 0 0
126.753 1 GPS 0 0 0 0 0 0 0 0 0 0 1
126.757 1 NAVIGATION 0 2 0. 0. 0. 0. 0 0
126.936 1 NAVIGATION 0 2 0. 0. 0. 0. 0 0
127.051 1 DOWNLINK_STATUS 127 38806 1775 0 249. 12. 6.
127.051 1 BAT 4125 182 0 0 1 577 0 0
127.053 1 WP_MOVED 10 360453.8125 4813581. 75. 31
127.057 1 ATTITUDE 0.568708 0. -1.082814
127.186 1 NAVIGATION 0 2 0. 0. 0. 0. 0 0
127.436 1 NAVIGATION 0 2 0. 0. 0. 0. 0 0
127.686 1 NAVIGATION 0 2 0. 0. 0. 0. 0 0
127.804 1 GPS 0 0 0 0 0 0 0 0 0 0 1
127.849 1 ESTIMATOR 0. 0.
127.936 1 NAVIGATION 0 2 0. 0. 0. 0. 0 0
127.937 1 FBW_STATUS 0 50 1 182 0
128.049 1 DL_VALUE 10 0.
128.052 1 DOWNLINK_STATUS 128 39040 1786 0 234. 11. 6.
128.149 1 BAT 4125 182 0 0 1 578 0 0
128.186 1 NAVIGATION 0 2 0. 0. 0. 0. 0 0
128.354 1 DESIRED 0.01 -0.26 0. 0. 0. 50. 0. 18.
128.436 1 NAVIGATION 0 2 0. 0. 0. 0. 0 0
128.451 1 WP_MOVED 11 360170.5 4813757.5 75. 31
128.550 1 CALIBRATION 0. 0
128.649 1 DOWNLINK 0 252 11571
128.685 1 NAVIGATION 0 2 0. 0. 0. 0. 0 0
128.853 1 GPS 0 0 0 0 0 0 0 0 0 0 1
128.935 1 NAVIGATION 0 2 0. 0. 0. 0. 0 0
129.052 1 DOWNLINK_STATUS 129 39277 1796 0 237. 10. 6.
129.150 1 ESTIMATOR 0. 0.
129.186 1 NAVIGATION 0 2 0. 0. 0. 0. 0 0
129.250 1 BAT 4125 182 0 0 1 579 0 0
129.436 1 NAVIGATION 0 2 0. 0. 0. 0. 0 0
129.549 1 DL_VALUE 0 1.
129.686 1 NAVIGATION 0 2 0. 0. 0. 0. 0 0
129.751 1 NAVIGATION 0 2 0. 0. 0. 0. 0 0
129.851 1 WP_MOVED 0 360327. 4813637. 75. 31
129.903 1 GPS 0 0 0 0 0 0 0 0 0 0 1
129.933 1 FBW_STATUS 0 50 1 182 0
129.937 1 NAVIGATION 0 2 0. 0. 0. 0. 0 0
130.033 1 COMMANDS 4125,8363,75,-4500,0
130.053 1 DOWNLINK_STATUS 130 39536 1808 0 259. 12. 6.
130.133 1 ACTUATORS 1429,1654,1734,0,1503,0,1500,1935
130.185 1 NAVIGATION 0 2 0. 0. 0. 0. 0 0
130.349 1 BAT 4125 182 0 0 1 580 0 0
130.436 1 NAVIGATION 0 2 0. 0. 0. 0. 0 0
130.449 1 ESTIMATOR 0. 0.
130.497 1 PONG 
130.649 1 IR_SENSORS 511 -67 -578 444 511
130.685 1 NAVIGATION 0 2 0. 0. 0. 0. 0 0
130.936 1 NAVIGATION 0 2 0. 0. 0. 0. 0 0
130.953 1 GPS 0 0 0 0 0 0 0 0 0 0 1
130.955 1 NAVIGATION_REF 360285 4813595 31
131.049 1 DL_VALUE 1 0.
131.051 1 ATTITUDE 0.569594 0. -1.081954
131.054 1 DOWNLINK_STATUS 131 39796 1821 0 260. 13. 5.85
131.184 1 NAVIGATION 0 2 0. 0. 0. 0. 0 0
131.221 1 WIND_INFO 1 42 0. 0. 0.
131.250 1 WP_MOVED 1 360285. 4813595. 75. 31
131.254 1 ALIVE 198,172,38,129,106,172,155,51,18,87,56,130,169,157,53,243
131.350 1 PPRZ_MODE 1 0 0 0 0 21
131.436 1 NAVIGATION 0 2 0. 0. 0. 0. 0 0
131.449 1 BAT 4125 182 0 0 1 581 0 0
131.451 1 STATE_FILTER_STATUS 3 1533
131.549 1 GPS_SOL 0 0 0 0
131.684 1 NAVIGATION 0 2 0. 0. 0. 0. 0 0
131.749 1 ESTIMATOR 0. 0.
131.932 1 FBW_STATUS 0 49 1 182 0
131.937 1 NAVIGATION 0 2 0. 0. 0. 0. 0 0
132.001 1 GPS 0 0 0 0 0 0 0 0 0 0 1
132.054 1 DOWNLINK_STATUS 132 40062 1834 0 266. 13. 5.85
132.184 1 NAVIGATION 0 2 0. 0. 0. 0. 0 0
132.404 1 DESIRED 0.01 -0.26 0. 0. 0. 50. 0. 18.
132.433 1 NAVIGATION 0 2 0. 0. 0. 0. 0 0
132.549 1 BAT 4125 182 0 0 1 582 0 0
132.552 1 DL_VALUE 2 50.
132.650 1 WP_MOVED 2 360334.5 4813695. 75. 31
132.684 1 NAVIGATION 0 2 0. 0. 0. 0. 0 0
132.751 1 NAVIGATION 0 2 0. 0. 0. 0. 0 0
132.934 1 NAVIGATION 0 2 0. 0. 0. 0. 0 0
133.051 1 GPS 0 0 0 0 0 0 0 0 0 0 1
133.055 1 DOWNLINK_STATUS 133 40314 1844 0 252. 10. 5.85
133.055 1 ESTIMATOR 0. 0.
133.184 1 NAVIGATION 0 2 0. 0. 0. 0. 0 0
133.434 1 NAVIGATION 0 2 0. 0. 0. 0. 0 0
133.649 1 BAT 4125 182 0 0 1 583 0 0
133.651 1 CALIBRATION 0. 0
133.683 1 NAVIGATION 0 2 0. 0. 0. 0. 0 0
133.749 1 DOWNLINK 0 246 11629
133.934 1 NAVIGATION 0 2 0. 0. 0. 0. 0 0
133.938 1 FBW_STATUS 0 49 1 182 0
134.049 1 WP_MOVED 3 360295.09375 4813785. 75. 31
134.051 1 DL_VALUE 3 107.027
134.055 1 DOWNLINK_STATUS 134 40519 1855 0 205. 11. 5.85
134.101 1 GPS 0 0 0 0 0 0 0 0 0 0 1
134.183 1 NAVIGATION 0 2 0. 0. 0. 0. 0 0
134.349 1 ESTIMATOR 0. 0.
134.434 1 NAVIGATION 0 2 0. 0. 0. 0. 0 0
134.684 1 NAVIGATION 0 2 0. 0. 0. 0. 0 0
134.750 1 BAT 4125 182 0 0 1 584 0 0
134.933 1 NAVIGATION 0 2 0. 0. 0. 0. 0 0
135.031 1 COMMANDS 4125,8355,75,-4507,0
135.049 1 ATTITUDE 0.569594 0. -1.081954
135.056 1 DOWNLINK_STATUS 135 40725 1864 0 206. 9. 5.85
135.133 1 ACTUATORS 1429,1654,1734,0,1503,0,1500,1935
135.151 1 GPS 0 0 0 0 0 0 0 0 0 0 1
135.183 1 NAVIGATION 0 2 0. 0. 0. 0. 0 0
135.434 1 NAVIGATION 0 2 0. 0. 0. 0. 0 0
135.449 1 WP_MOVED 4 360417.3125 4813734. 75. 31
135.497 1 PONG 
135.547 1 DL_VALUE 4 0.
135.649 1 ESTIMATOR 0. 0.
135.684 1 NAVIGATION 0 2 0. 0. 0. 0. 0 0
135.751 1 NAVIGATION 0 2 0. 0. 0. 0. 0 0
135.849 1 BAT 4125 182 0 0 1 585 0 0
135.854 1 IR_SENSORS 511 -67 -578 444 511
135.931 1 FBW_STATUS 0 48 1 182 0
135.935 1 NAVIGATION 0 2 0. 0. 0. 0. 0 0
136.056 1 DOWNLINK_STATUS 136 41012 1878 0 287. 14. 5.63
136.184 1 NAVIGATION 0 2 0. 0. 0. 0. 0 0
136.201 1 GPS 0 0 0 0 0 0 0 0 0 0 1
136.249 1 ALIVE 198,172,38,129,106,172,155,51,18,87,56,130,169,157,53,243
136.348 1 PPRZ_MODE 1 0 0 0 0 21
136.433 1 NAVIGATION 0 2 0. 0. 0. 0. 0 0
136.454 1 DESIRED 0.01 -0.26 0. 0. 0. 50. 0. 18.
136.454 1 STATE_FILTER_STATUS 3 1533
136.549 1 GPS_SOL 0 0 0 0
136.684 1 NAVIGATION 0 2 0. 0. 0. 0. 0 0
136.849 1 WP_MOVED 5 360422. 4813583.5 75. 31
136.934 1 NAVIGATION 0 2 0. 0. 0. 0. 0 0
136.949 1 BAT 4125 182 0 0 1 587 0 0
136.951 1 ESTIMATOR 0. 0.
137.047 1 DL_VALUE 5 0.
137.057 1 DOWNLINK_STATUS 137 41313 1892 0 301. 14. 5.63
137.183 1 NAVIGATION 0 2 0. 0. 0. 0. 0 0
137.251 1 GPS 0 0 0 0 0 0 0 0 0 0 1
137.433 1 NAVIGATION 0 2 0. 0. 0. 0. 0 0
137.684 1 NAVIGATION 0 2 0. 0. 0. 0. 0 0
137.931 1 FBW_STATUS 0 49 1 182 0
137.936 1 NAVIGATION 0 2 0. 0. 0. 0. 0 0
138.049 1 BAT 4125 182 0 0 1 588 0 0
138.058 1 DOWNLINK_STATUS 138 41484 1899 0 171. 7. 5.63
138.184 1 NAVIGATION 0 2 0. 0. 0. 0. 0 0
138.247 1 ESTIMATOR 0. 0.
138.251 1 WP_MOVED 6 360165.8125 4813664.5 75. 31
138.301 1 GPS 0 0 0 0 0 0 0 0 0 0 1
138.434 1 NAVIGATION 0 2 0. 0. 0. 0. 0 0
138.547 1 DL_VALUE 6 100.
138.684 1 NAVIGATION 0 2 0. 0. 0. 0. 0 0
138.752 1 NAVIGATION 0 2 0. 0. 0. 0. 0 0
138.752 1 CALIBRATION 0. 0
138.847 1 DOWNLINK 0 0 11687
138.933 1 NAVIGATION 0 2 0. 0. 0. 0. 0 0
139.049 1 ATTITUDE 0.569594 0. -1.081954
139.059 1 DOWNLINK_STATUS 139 41732 1911 0 248. 12. 5.63
139.149 1 BAT 4125 182 0 0 1 589 0 0
139.184 1 NAVIGATION 0 2 0. 0. 0. 0. 0 0
139.351 1 GPS 0 0 0 0 0 0 0 0 0 0 1
139.434 1 NAVIGATION 0 2 0. 0. 0. 0. 0 0
139.548 1 ESTIMATOR 0. 0.
139.649 1 WP_MOVED 7 360559.40625 4813804.5 75. 31
139.683 1 NAVIGATION 0 2 0. 0. 0. 0. 0 0
139.931 1 FBW_STATUS 0 49 1 182 0
139.936 1 NAVIGATION 0 2 0. 0. 0. 0. 0 0
139.947 1 NAVIGATION_REF 360285 4813595 31
140.032 1 COMMANDS 4125,8355,75,-4507,0
140.047 1 DL_VALUE 7 1.
140.059 1 DOWNLINK_STATUS 140 41980 1923 0 248. 12. 5.63
140.133 1 ACTUATORS 1429,1654,1734,0,1503,0,1500,1935
140.183 1 NAVIGATION 0 2 0. 0. 0. 0. 0 0
140.249 1 BAT 4125 182 0 0 1 590 0 0
140.401 1 GPS 0 0 0 0 0 0 0 0 0 0 1
140.433 1 NAVIGATION 0 2 0. 0. 0. 0. 0 0
140.501 1 DESIRED 0.01 -0.26 0. 0. 0. 50. 0. 18.
140.503 1 PONG 
140.683 1 NAVIGATION 0 2 0. 0. 0. 0. 0 0
140.847 1 ESTIMATOR 0. 0.
140.933 1 NAVIGATION 0 2 0. 0. 0. 0. 0 0
141.049 1 WP_MOVED 8 360462.40625 4813640. 30. 31
141.051 1 IR_SENSORS 511 -66 -577 445 511
141.060 1 DOWNLINK_STATUS 141 42254 1935 0 274. 12. 11.17
141.184 1 NAVIGATION 0 2 0. 0. 0. 0. 0 0
141.221 1 WIND_INFO 1 42 0. 0. 0.
141.250 1 ALIVE 198,172,38,129,106,172,155,51,18,87,56,130,169,157,53,243
141.349 1 BAT 4125 182 0 0 1 591 0 0
141.351 1 PPRZ_MODE 1 0 0 0 0 21
141.433 1 NAVIGATION 0 2 0. 0. 0. 0. 0 0
141.452 1 GPS 0 0 0 0 0 0 0 0 0 0 1
141.453 1 STATE_FILTER_STATUS 3 1533
141.547 1 DL_VALUE 8 1.
141.549 1 GPS_SOL 0 0 0 0
141.684 1 NAVIGATION 0 2 0. 0. 0. 0. 0 0
141.750 1 NAVIGATION 0 2 0. 0. 0. 0. 0 0
141.931 1 FBW_STATUS 0 50 1 182 0
141.935 1 NAVIGATION 0 2 0. 0. 0. 0. 0 0
142.061 1 DOWNLINK_STATUS 142 42523 1948 0 269. 13. 11.17
142.147 1 ESTIMATOR 0. 0.
142.184 1 NAVIGATION 0 2 0. 0. 0. 0. 0 0
142.433 1 NAVIGATION 0 2 0. 0. 0. 0. 0 0
142.449 1 BAT 4125 182 0 0 1 592 0 0
142.453 1 WP_MOVED 9 360313.8125 4813652. 0. 31
142.502 1 GPS 0 0 0 0 0 0 0 0 0 0 1
142.684 1 NAVIGATION 0 2 0. 0. 0. 0. 0 0
142.933 1 NAVIGATION 0 2 0. 0. 0. 0. 0 0
143.047 1 DL_VALUE 9 1.
143.052 1 ATTITUDE 0.568708 0. -1.082814
143.061 1 DOWNLINK_STATUS 143 42743 1958 0 220. 10. 11.17
143.184 1 NAVIGATION 0 2 0. 0. 0. 0. 0 0
143.434 1 NAVIGATION 0 2 0. 0. 0. 0. 0 0
143.447 1 ESTIMATOR 0. 0.
143.551 1 GPS 0 0 0 0 0 0 0 0 0 0 1
143.555 1 BAT 4125 182 0 0 1 593 0 0
143.684 1 NAVIGATION 0 2 0. 0. 0. 0. 0 0
143.849 1 WP_MOVED 10 360453.8125 4813581. 75. 31
143.851 1 CALIBRATION 0. 0
143.931 1 FBW_STATUS 0 50 1 182 0
143.935 1 NAVIGATION 0 2 0. 0. 0. 0. 0 0
143.947 1 DOWNLINK 0 251 11747
144.062 1 DOWNLINK_STATUS 144 42970 1969 0 227. 11. 11.17
144.183 1 NAVIGATION 0 2 0. 0. 0. 0. 0 0
144.433 1 NAVIGATION 0 2 0. 0. 0. 0. 0 0
144.547 1 DL_VALUE 10 0.
144.553 1 DESIRED 0.01 -0.26 0. 0. 0. 50. 0. 18.
144.601 1 GPS 0 0 0 0 0 0 0 0 0 0 1
144.649 1 BAT 4125 182 0 0 1 594 0 0
144.683 1 NAVIGATION 0 2 0. 0. 0. 0. 0 0
144.747 1 ESTIMATOR 0. 0.
144.753 1 NAVIGATION 0 2 0. 0. 0. 0. 0 0
144.933 1 NAVIGATION 0 2 0. 0. 0. 0. 0 0
145.031 1 COMMANDS 4125,8363,75,-4500,0
145.063 1 DOWNLINK_STATUS 145 43233 1980 0 263. 11. 11.17
145.133 1 ACTUATORS 1429,1654,1734,0,1503,0,1500,1935
145.183 1 NAVIGATION 0 2 0. 0. 0. 0. 0 0
145.250 1 WP_MOVED 11 360170.5 4813757.5 75. 31
145.433 1 NAVIGATION 0 2 0. 0. 0. 0. 0 0
