2.517 2 NAVIGATION 0 2 0. 0. 0. 0. 0 0
2.522 2 COMMANDS 3600,9600,-9525,-1405,0
2.536 2 GPS 0 0 0 0 0 0 0 0 0 0 1
2.538 2 ESTIMATOR 0. 0.
2.540 2 STATE_FILTER_STATUS 3 1533
2.618 2 ACTUATORS 1375,1573,1573,0,1004,0,1500,2000
2.636 2 GPS 0 0 0 0 0 0 0 0 0 0 1
2.638 2 ESTIMATOR 0. 0.
2.641 2 ATTITUDE 0.095989 0. -1.317619
2.644 2 IR_SENSORS 511 -449 -960 62 511
2.646 2 CALIBRATION 0. 0
2.736 2 GPS 0 0 0 0 0 0 0 0 0 0 1
2.738 2 ESTIMATOR 0. 0.
2.742 2 WP_MOVED 5 374869. 4223008. 75. 18
2.745 2 BAT 3600 362 1023 0 0 1 247 0 0
2.748 2 DL_VALUE 9 1.144
2.765 2 COMMANDS 3600,9600,-9525,-1405,0
2.770 2 NAVIGATION 0 2 0. 0. 0. 0. 0 0
2.836 2 GPS 0 0 0 0 0 0 0 0 0 0 1
2.838 2 ESTIMATOR 0. 0.
2.841 2 NAVIGATION 0 2 0. 0. 0. 0. 0 0
2.846 2 GPS_SOL 0 0 0 0
2.868 2 ACTUATORS 1375,1573,1573,0,1004,0,1500,2000
2.936 2 GPS 0 0 0 0 0 0 0 0 0 0 1
2.938 2 ESTIMATOR 0. 0.
2.986 2 DESIRED -0.08 -0.19 0. 0. 0. 50. 0. 18.
3.016 2 COMMANDS 3600,9600,-9525,-1405,0
3.020 2 NAVIGATION 0 2 0. 0. 0. 0. 0 0
3.036 2 GPS 0 0 0 0 0 0 0 0 0 0 1
3.037 2 ESTIMATOR 0. 0.
3.118 2 ACTUATORS 1375,1573,1573,0,1004,0,1500,2000
3.119 2 DOWNLINK_STATUS 4 3904 177 0 1027. 48. 0.
3.136 2 GPS 0 0 0 0 0 0 0 0 0 0 1
3.138 2 ESTIMATOR 0. 0.
3.142 2 ATTITUDE 0.095989 0. -1.317619
3.236 2 GPS 0 0 0 0 0 0 0 0 0 0 1
3.237 2 ESTIMATOR 0. 0.
3.242 2 WP_MOVED 6 374869. 4223033. 75. 18
3.266 2 COMMANDS 3600,9600,-9525,-1405,0
3.270 2 NAVIGATION 0 2 0. 0. 0. 0. 0 0
3.336 2 GPS 0 0 0 0 0 0 0 0 0 0 1
3.338 2 ESTIMATOR 0. 0.
3.368 2 ACTUATORS 1375,1573,1573,0,1004,0,1500,2000
3.435 2 GPS 0 0 0 0 0 0 0 0 0 0 1
3.439 2 ESTIMATOR 0. 0.
3.521 2 COMMANDS 3600,9600,-9525,-1405,0
3.521 2 NAVIGATION 0 2 0. 0. 0. 0. 0 0
3.535 2 GPS 0 0 0 0 0 0 0 0 0 0 1
3.539 2 ESTIMATOR 0. 0.
3.617 2 ACTUATORS 1375,1573,1573,0,1004,0,1500,2000
3.635 2 GPS 0 0 0 0 0 0 0 0 0 0 1
3.639 2 ESTIMATOR 0. 0.
3.641 2 ATTITUDE 0.095989 0. -1.317619
3.737 2 GPS 0 0 0 0 0 0 0 0 0 0 1
3.738 2 ESTIMATOR 0. 0.
3.743 2 WP_MOVED 7 374869. 4223058. 75. 18
3.767 2 COMMANDS 3600,9600,-9525,-1405,0
3.771 2 NAVIGATION 0 2 0. 0. 0. 0. 0 0
3.817 2 FBW_STATUS 0 48 1 362 0 1
3.836 2 GPS 0 0 0 0 0 0 0 0 0 0 1
3.839 2 ESTIMATOR 0. 0.
3.843 2 NAVIGATION 0 2 0. 0. 0. 0. 0 0
3.847 2 BAT 3600 362 1023 0 0 1 248 0 0
3.849 2 IR_SENSORS 511 -449 -960 62 511
3.866 2 ACTUATORS 1375,1573,1573,0,1004,0,1500,2000
3.937 2 GPS 0 0 0 0 0 0 0 0 0 0 1
3.939 2 ESTIMATOR 0. 0.
4.017 2 COMMANDS 3600,9600,-9525,-1405,0
4.021 2 NAVIGATION 0 2 0. 0. 0. 0. 0 0
4.035 2 GPS 0 0 0 0 0 0 0 0 0 0 1
4.038 2 ESTIMATOR 0. 0.
4.045 2 DESIRED -0.08 -0.19 0. 0. 0. 50. 0. 18.
4.116 2 ACTUATORS 1375,1573,1573,0,1004,0,1500,2000
4.119 2 DOWNLINK_STATUS 5 4834 218 0 930. 41. 0.
4.136 2 GPS 0 0 0 0 0 0 0 0 0 0 1
4.139 2 ESTIMATOR 0. 0.
4.140 2 ATTITUDE 0.095989 0. -1.317619
4.236 2 GPS 0 0 0 0 0 0 0 0 0 0 1
4.239 2 ESTIMATOR 0. 0.
4.241 2 WP_MOVED 8 374869. 4223083. 75. 18
4.242 2 DL_VALUE 10 1.2
4.267 2 NAVIGATION 0 2 0. 0. 0. 0. 0 0
4.271 2 COMMANDS 3600,9600,-9525,-1405,0
4.337 2 GPS 0 0 0 0 0 0 0 0 0 0 1
4.339 2 ESTIMATOR 0. 0.
4.367 2 ACTUATORS 1375,1573,1573,0,1004,0,1500,2000
4.436 2 GPS 0 0 0 0 0 0 0 0 0 0 1
4.439 2 ESTIMATOR 0. 0.
4.517 2 COMMANDS 3600,9600,-9525,-1405,0
4.521 2 NAVIGATION 0 2 0. 0. 0. 0. 0 0
4.535 2 GPS 0 0 0 0 0 0 0 0 0 0 1
4.539 2 ESTIMATOR 0. 0.
4.617 2 ACTUATORS 1375,1573,1573,0,1004,0,1500,2000
4.623 2 PONG 
4.635 2 GPS 0 0 0 0 0 0 0 0 0 0 1
4.639 2 ESTIMATOR 0. 0.
4.641 2 ATTITUDE 0.095989 0. -1.317619
4.645 2 ENERGY 36.200001 0. 0 0.
4.735 2 GPS 0 0 0 0 0 0 0 0 0 0 1
4.739 2 ESTIMATOR 0. 0.
4.741 2 WP_MOVED 9 374869. 4223108. 75. 18
4.743 2 CALIBRATION 0. 0
4.766 2 COMMANDS 3600,9600,-9525,-1405,0
4.770 2 NAVIGATION 0 2 0. 0. 0. 0. 0 0
4.835 2 GPS 0 0 0 0 0 0 0 0 0 0 1
4.839 2 ESTIMATOR 0. 0.
4.843 2 NAVIGATION 0 2 0. 0. 0. 0. 0 0
4.845 2 GPS_SOL 0 0 0 0
4.867 2 ACTUATORS 1375,1573,1573,0,1004,0,1500,2000
4.935 2 GPS 0 0 0 0 0 0 0 0 0 0 1
4.939 2 ESTIMATOR 0. 0.
4.943 2 BAT 3600 362 1023 0 0 1 249 0 0
5.017 2 COMMANDS 3600,9600,-9375,-1417,0
5.020 2 NAVIGATION 0 2 0. 0. 0. 0. 0 0
5.035 2 GPS 0 0 0 0 0 0 0 0 0 0 1
5.039 2 ESTIMATOR 0. 0.
5.042 2 IR_SENSORS 511 -449 -960 62 511
5.087 2 DESIRED -0.08 -0.19 0. 0. 0. 50. 0. 18.
5.116 2 ACTUATORS 1375,1573,1573,0,1043,0,1500,2000
5.120 2 DOWNLINK_STATUS 6 5812 263 0 978. 45. 5.87
5.137 2 GPS 0 0 0 0 0 0 0 0 0 0 1
5.139 2 ESTIMATOR 0. 0.
5.141 2 ATTITUDE 0.095989 0. -1.317619
5.235 2 GPS 0 0 0 0 0 0 0 0 0 0 1
5.237 2 ESTIMATOR 0. 0.
5.241 2 WP_MOVED 0 374931. 4223100. 75. 18
5.267 2 COMMANDS 3600,9600,-8250,-1405,0
5.271 2 NAVIGATION 0 2 0. 0. 0. 0. 0 0
5.335 2 GPS 0 0 0 0 0 0 0 0 0 0 1
5.336 2 ESTIMATOR 0. 0.
5.367 2 ACTUATORS 1375,1573,1573,0,1102,0,1500,2000
5.435 2 GPS 0 0 0 0 0 0 0 0 0 0 1
5.439 2 ESTIMATOR 0. 0.
5.517 2 COMMANDS 3600,9600,-7350,-1405,0
5.521 2 NAVIGATION 0 2 0. 0. 0. 0. 0 0
5.535 2 GPS 0 0 0 0 0 0 0 0 0 0 1
5.536 2 ESTIMATOR 0. 0.
5.617 2 ACTUATORS 1375,1573,1573,0,1133,0,1500,2000
5.635 2 GPS 0 0 0 0 0 0 0 0 0 0 1
5.639 2 ESTIMATOR 0. 0.
5.641 2 ATTITUDE 0.095989 0. -1.317619
5.735 2 GPS 0 0 0 0 0 0 0 0 0 0 1
5.736 2 ESTIMATOR 0. 0.
5.741 2 WP_MOVED 1 374889. 4223058. 75. 18
5.743 2 DL_VALUE 11 1.31
5.767 2 COMMANDS 3600,9600,-6525,-1405,0
5.771 2 NAVIGATION 0 2 0. 0. 0. 0. 0 0
5.816 2 FBW_STATUS 0 48 1 362 0 2
5.835 2 GPS 0 0 0 0 0 0 0 0 0 0 1
5.839 2 ESTIMATOR 0. 0.
5.843 2 NAVIGATION 0 2 0. 0. 0. 0. 0 0
5.867 2 ACTUATORS 1375,1573,1573,0,1188,0,1500,2000
5.934 2 GPS 0 0 0 0 0 0 0 0 0 0 1
5.939 2 ESTIMATOR 0. 0.
6.017 2 COMMANDS 3600,9600,-4875,-1405,0
6.021 2 NAVIGATION 0 2 0. 0. 0. 0. 0 0
6.035 2 GPS 0 0 0 0 0 0 0 0 0 0 1
6.038 2 ESTIMATOR 0. 0.
6.041 2 BAT 3600 362 1023 0 0 1 250 0 0
6.117 2 ACTUATORS 1375,1573,1573,0,1297,0,1500,2000
6.121 2 DOWNLINK_STATUS 7 6699 303 0 887. 40. 5.87
6.135 2 GPS 0 0 0 0 0 0 0 0 0 0 1
6.139 2 ESTIMATOR 0. 0.
6.141 2 ATTITUDE 0.095989 0. -1.317619
6.147 2 DESIRED -0.08 -0.19 0. 0. 0. 50. 0. 18.
6.235 2 GPS 0 0 0 0 0 0 0 0 0 0 1
6.239 2 ESTIMATOR 0. 0.
6.240 2 WP_MOVED 2 374909. 4223138. 75. 18
6.245 2 IR_SENSORS 511 -449 -960 62 511
6.265 2 COMMANDS 3600,9600,-3075,-1405,0
6.271 2 NAVIGATION 0 2 0. 0. 0. 0. 0 0
6.335 2 GPS 0 0 0 0 0 0 0 0 0 0 1
6.339 2 ESTIMATOR 0. 0.
6.367 2 ACTUATORS 1375,1573,1573,0,1375,0,1500,2000
6.435 2 GPS 0 0 0 0 0 0 0 0 0 0 1
6.437 2 ESTIMATOR 0. 0.
6.515 2 COMMANDS 3600,9600,-975,-1405,0
6.521 2 NAVIGATION 0 2 0. 0. 0. 0. 0 0
6.534 2 GPS 0 0 0 0 0 0 0 0 0 0 1
6.537 2 ESTIMATOR 0. 0.
6.616 2 ACTUATORS 1375,1573,1573,0,1493,0,1500,2000
6.635 2 GPS 0 0 0 0 0 0 0 0 0 0 1
6.636 2 ESTIMATOR 0. 0.
6.641 2 ATTITUDE 0.095989 0. -1.317619
6.737 2 GPS 0 0 0 0 0 0 0 0 0 0 1
6.739 2 ESTIMATOR 0. 0.
6.741 2 WP_MOVED 3 374933.8125 4223160. 75. 18
6.765 2 COMMANDS 3600,9600,900,-1405,0
6.771 2 NAVIGATION 0 2 0. 0. 0. 0. 0 0
6.835 2 GPS 0 0 0 0 0 0 0 0 0 0 1
6.836 2 ESTIMATOR 0. 0.
6.843 2 NAVIGATION 0 2 0. 0. 0. 0. 0 0
6.845 2 GPS_SOL 0 0 0 0
6.847 2 CALIBRATION 0. 0
6.867 2 ACTUATORS 1375,1573,1573,0,1593,0,1500,2000
6.935 2 GPS 0 0 0 0 0 0 0 0 0 0 1
6.936 2 ESTIMATOR 0. 0.
7.017 2 NAVIGATION 0 2 0. 0. 0. 0. 0 0
7.022 2 COMMANDS 3600,9600,3075,-1417,0
7.035 2 GPS 0 0 0 0 0 0 0 0 0 0 1
7.037 2 ESTIMATOR 0. 0.
7.117 2 ACTUATORS 1375,1573,1573,0,1726,0,1500,2000
7.122 2 DOWNLINK_STATUS 8 7617 344 0 918. 41. 5.87
7.135 2 GPS 0 0 0 0 0 0 0 0 0 0 1
7.137 2 ESTIMATOR 0. 0.
7.142 2 ATTITUDE 0.095989 0. -1.317619
7.145 2 BAT 3600 362 1023 0 0 1 251 0 0
7.147 2 ENERGY 36.200001 0. 0 0.
7.187 2 DESIRED -0.08 -0.19 0. 0. 0. 50. 0. 18.
7.235 2 GPS 0 0 0 0 0 0 0 0 0 0 1
7.237 2 ESTIMATOR 0. 0.
7.241 2 WP_MOVED 4 374825.5 4223181. 75. 18
7.243 2 DL_VALUE 12 0.785
7.247 2 ALIVE 252,180,207,33,108,138,46,108,225,101,137,207,232,35,84,33
7.265 2 COMMANDS 3600,9600,5850,-1405,0
7.271 2 NAVIGATION 0 2 0. 0. 0. 0. 0 0
7.335 2 GPS 0 0 0 0 0 0 0 0 0 0 1
7.337 2 ESTIMATOR 0. 0.
7.338 2 PPRZ_MODE 1 0 0 0 0 21
7.367 2 ACTUATORS 1375,1573,1573,0,1886,0,1500,2000
7.435 2 GPS 0 0 0 0 0 0 0 0 0 0 1
7.437 2 ESTIMATOR 0. 0.
7.441 2 IR_SENSORS 511 -449 -960 62 511
7.515 2 COMMANDS 3600,9600,9525,-1405,0
7.521 2 NAVIGATION 0 2 0. 0. 0. 0. 0 0
7.535 2 GPS 0 0 0 0 0 0 0 0 0 0 1
7.538 2 ESTIMATOR 0. 0.
7.539 2 STATE_FILTER_STATUS 3 1533
7.541 2 DOWNLINK 4 966 10897
7.617 2 ACTUATORS 1375,1573,1573,0,1996,0,1500,2000
7.635 2 GPS 0 0 0 0 0 0 0 0 0 0 1
7.639 2 ESTIMATOR 0. 0.
7.641 2 ATTITUDE 0.095989 0. -1.317619
7.735 2 GPS 0 0 0 0 0 0 0 0 0 0 1
7.737 2 ESTIMATOR 0. 0.
7.741 2 WP_MOVED 5 374869. 4223008. 75. 18
7.767 2 COMMANDS 3600,9600,9525,-1405,0
7.771 2 NAVIGATION 0 2 0. 0. 0. 0. 0 0
7.817 2 FBW_STATUS 0 48 1 362 0 1
7.835 2 GPS 0 0 0 0 0 0 0 0 0 0 1
7.839 2 ESTIMATOR 0. 0.
7.843 2 NAVIGATION 0 2 0. 0. 0. 0. 0 0
7.867 2 ACTUATORS 1375,1573,1573,0,1996,0,1500,2000
7.935 2 GPS 0 0 0 0 0 0 0 0 0 0 1
7.939 2 ESTIMATOR 0. 0.
8.016 2 COMMANDS 3600,9600,9525,-1405,0
8.021 2 NAVIGATION 0 2 0. 0. 0. 0. 0 0
8.035 2 GPS 0 0 0 0 0 0 0 0 0 0 1
8.039 2 ESTIMATOR 0. 0.
8.117 2 ACTUATORS 1375,1573,1573,0,1996,0,1500,2000
8.124 2 DOWNLINK_STATUS 9 8633 391 0 1016. 47. 5.87
8.135 2 GPS 0 0 0 0 0 0 0 0 0 0 1
8.138 2 ESTIMATOR 0. 0.
8.141 2 ATTITUDE 0.095989 0. -1.317619
8.235 2 GPS 0 0 0 0 0 0 0 0 0 0 1
8.237 2 ESTIMATOR 0. 0.
8.241 2 WP_MOVED 6 374869. 4223033. 75. 18
8.247 2 DESIRED -0.08 -0.19 0. 0. 0. 50. 0. 18.
8.251 2 BAT 3600 362 1023 0 0 1 252 0 0
8.267 2 COMMANDS 3600,9600,9525,-1405,0
8.271 2 NAVIGATION 0 2 0. 0. 0. 0. 0 0
8.335 2 GPS 0 0 0 0 0 0 0 0 0 0 1
8.339 2 ESTIMATOR 0. 0.
8.367 2 ACTUATORS 1375,1573,1573,0,1996,0,1500,2000
8.435 2 GPS 0 0 0 0 0 0 0 0 0 0 1
8.436 2 ESTIMATOR 0. 0.
8.517 2 NAVIGATION 0 2 0. 0. 0. 0. 0 0
8.520 2 COMMANDS 3600,9600,9525,-1405,0
8.535 2 GPS 0 0 0 0 0 0 0 0 0 0 1
8.536 2 ESTIMATOR 0. 0.
8.617 2 ACTUATORS 1375,1573,1573,0,1996,0,1500,2000
8.634 2 GPS 0 0 0 0 0 0 0 0 0 0 1
8.637 2 ESTIMATOR 0. 0.
8.640 2 ATTITUDE 0.095989 0. -1.317619
8.643 2 IR_SENSORS 511 -449 -960 62 511
8.735 2 GPS 0 0 0 0 0 0 0 0 0 0 1
8.737 2 ESTIMATOR 0. 0.
8.741 2 WP_MOVED 7 374869. 4223058. 75. 18
8.742 2 DL_VALUE 13 0.142
8.765 2 COMMANDS 3600,9600,9075,-1405,0
8.771 2 NAVIGATION 0 2 0. 0. 0. 0. 0 0
8.835 2 GPS 0 0 0 0 0 0 0 0 0 0 1
8.837 2 ESTIMATOR 0. 0.
8.843 2 NAVIGATION 0 2 0. 0. 0. 0. 0 0
8.844 2 GPS_SOL 0 0 0 0
8.867 2 ACTUATORS 1375,1573,1573,0,1894,0,1500,2000
8.935 2 GPS 0 0 0 0 0 0 0 0 0 0 1
8.936 2 ESTIMATOR 0. 0.
8.939 2 CALIBRATION 0. 0
9.015 2 COMMANDS 3600,9600,5025,-1405,0
9.021 2 NAVIGATION 0 2 0. 0. 0. 0. 0 0
9.035 2 GPS 0 0 0 0 0 0 0 0 0 0 1
9.037 2 ESTIMATOR 0. 0.
9.117 2 ACTUATORS 1375,1573,1573,0,1644,0,1500,2000
9.125 2 DOWNLINK_STATUS 10 9585 434 0 952. 43. 5.87
9.135 2 GPS 0 0 0 0 0 0 0 0 0 0 1
9.137 2 ESTIMATOR 0. 0.
9.141 2 ATTITUDE 0.095989 0. -1.317619
9.235 2 GPS 0 0 0 0 0 0 0 0 0 0 1
9.237 2 ESTIMATOR 0. 0.
9.241 2 WP_MOVED 8 374869. 4223083. 75. 18
9.265 2 COMMANDS 3600,9600,750,-1405,0
9.271 2 NAVIGATION 0 2 0. 0. 0. 0. 0 0
9.287 2 DESIRED -0.08 -0.19 0. 0. 0. 50. 0. 18.
9.335 2 GPS 0 0 0 0 0 0 0 0 0 0 1
9.336 2 ESTIMATOR 0. 0.
9.341 2 BAT 3600 362 1023 0 0 1 253 0 0
9.367 2 ACTUATORS 1375,1573,1573,0,1465,0,1500,2000
9.435 2 GPS 0 0 0 0 0 0 0 0 0 0 1
9.437 2 ESTIMATOR 0. 0.
9.515 2 COMMANDS 3600,9600,-2850,-1405,0
9.521 2 NAVIGATION 0 2 0. 0. 0. 0. 0 0
9.535 2 GPS 0 0 0 0 0 0 0 0 0 0 1
9.536 2 ESTIMATOR 0. 0.
9.617 2 ACTUATORS 1375,1573,1573,0,1270,0,1500,2000
9.623 2 PONG 
9.635 2 GPS 0 0 0 0 0 0 0 0 0 0 1
9.637 2 ESTIMATOR 0. 0.
9.641 2 ATTITUDE 0.095989 0. -1.317619
9.643 2 ENERGY 36.200001 0. 0 0.
9.735 2 GPS 0 0 0 0 0 0 0 0 0 0 1
9.737 2 ESTIMATOR 0. 0.
9.741 2 WP_MOVED 9 374869. 4223108. 75. 18
9.743 2 NAVIGATION_REF 374889 4223058 18
9.767 2 NAVIGATION 0 2 0. 0. 0. 0. 0 0
9.771 2 COMMANDS 3600,9600,-7125,-1405,0
9.815 2 FBW_STATUS 0 48 1 362 0 2
9.835 2 GPS 0 0 0 0 0 0 0 0 0 0 1
9.837 2 ESTIMATOR 0. 0.
9.843 2 NAVIGATION 0 2 0. 0. 0. 0. 0 0
9.845 2 IR_SENSORS 511 -449 -960 62 511
9.867 2 ACTUATORS 1375,1573,1573,0,1055,0,1500,2000
9.935 2 GPS 0 0 0 0 0 0 0 0 0 0 1
9.937 2 ESTIMATOR 0. 0.
10.015 2 COMMANDS 3600,9600,-9525,-1405,0
10.021 2 NAVIGATION 0 2 0. 0. 0. 0. 0 0
10.035 2 GPS 0 0 0 0 0 0 0 0 0 0 1
10.037 2 ESTIMATOR 0. 0.
10.117 2 ACTUATORS 1375,1573,1573,0,1004,0,1500,2000
10.125 2 DOWNLINK_STATUS 11 10556 478 0 971. 44. 5.77
10.135 2 GPS 0 0 0 0 0 0 0 0 0 0 1
10.137 2 ESTIMATOR 0. 0.
10.141 2 ATTITUDE 0.095989 0. -1.317619
10.235 2 GPS 0 0 0 0 0 0 0 0 0 0 1
10.237 2 ESTIMATOR 0. 0.
10.241 2 WP_MOVED 0 374931. 4223100. 75. 18
10.243 2 DL_VALUE 14 0.4
10.265 2 COMMANDS 3600,9600,-9525,-1405,0
10.271 2 NAVIGATION 0 2 0. 0. 0. 0. 0 0
10.335 2 GPS 0 0 0 0 0 0 0 0 0 0 1
10.336 2 ESTIMATOR 0. 0.
10.345 2 DESIRED -0.08 -0.19 0. 0. 0. 50. 0. 18.
10.367 2 ACTUATORS 1375,1573,1573,0,1004,0,1500,2000
10.434 2 GPS 0 0 0 0 0 0 0 0 0 0 1
10.438 2 ESTIMATOR 0. 0.
10.441 2 BAT 3600 362 1023 0 0 1 254 0 0
10.516 2 COMMANDS 3600,9600,-9525,-1405,0
10.520 2 NAVIGATION 0 2 0. 0. 0. 0. 0 0
10.536 2 GPS 0 0 0 0 0 0 0 0 0 0 1
10.538 2 ESTIMATOR 0. 0.
10.616 2 ACTUATORS 1375,1573,1573,0,1004,0,1500,2000
10.636 2 GPS 0 0 0 0 0 0 0 0 0 0 1
10.638 2 ESTIMATOR 0. 0.
10.640 2 ATTITUDE 0.095989 0. -1.317619
10.736 2 GPS 0 0 0 0 0 0 0 0 0 0 1
10.738 2 ESTIMATOR 0. 0.
10.742 2 WP_MOVED 1 374889. 4223058. 75. 18
10.766 2 COMMANDS 3600,9600,-9525,-1405,0
10.770 2 NAVIGATION 0 2 0. 0. 0. 0. 0 0
10.836 2 GPS 0 0 0 0 0 0 0 0 0 0 1
10.838 2 ESTIMATOR 0. 0.
10.842 2 NAVIGATION 0 2 0. 0. 0. 0. 0 0
10.844 2 GPS_SOL 0 0 0 0
10.866 2 ACTUATORS 1375,1573,1573,0,1004,0,1500,2000
10.936 2 GPS 0 0 0 0 0 0 0 0 0 0 1
10.938 2 ESTIMATOR 0. 0.
11.016 2 NAVIGATION 0 2 0. 0. 0. 0. 0 0
11.020 2 COMMANDS 3600,9600,-9525,-1405,0
11.034 2 GPS 0 0 0 0 0 0 0 0 0 0 1
11.038 2 ESTIMATOR 0. 0.
11.041 2 IR_SENSORS 511 -449 -960 62 511
11.043 2 CALIBRATION 0. 0
11.116 2 ACTUATORS 1375,1573,1573,0,1004,0,1500,2000
11.127 2 DOWNLINK_STATUS 12 11508 521 0 952. 43. 5.77
11.134 2 GPS 0 0 0 0 0 0 0 0 0 0 1
11.138 2 ESTIMATOR 0. 0.
11.140 2 ATTITUDE 0.095989 0. -1.317619
11.233 2 GPS 0 0 0 0 0 0 0 0 0 0 1
11.238 2 ESTIMATOR 0. 0.
11.240 2 WP_MOVED 2 374909. 4223138. 75. 18
11.266 2 COMMANDS 3600,9600,-8250,-1405,0
11.270 2 NAVIGATION 0 2 0. 0. 0. 0. 0 0
11.334 2 GPS 0 0 0 0 0 0 0 0 0 0 1
11.338 2 ESTIMATOR 0. 0.
11.366 2 ACTUATORS 1375,1573,1573,0,1118,0,1500,2000
11.386 2 DESIRED -0.08 -0.19 0. 0. 0. 50. 0. 18.
11.434 2 GPS 0 0 0 0 0 0 0 0 0 0 1
11.438 2 ESTIMATOR 0. 0.
11.516 2 COMMANDS 3600,9600,-6525,-1405,0
11.520 2 NAVIGATION 0 2 0. 0. 0. 0. 0 0
11.536 2 GPS 0 0 0 0 0 0 0 0 0 0 1
11.538 2 ESTIMATOR 0. 0.
11.542 2 BAT 3600 362 1023 0 0 1 256 0 0
11.618 2 ACTUATORS 1375,1573,1573,0,1196,0,1500,2000
11.636 2 GPS 0 0 0 0 0 0 0 0 0 0 1
11.637 2 ESTIMATOR 0. 0.
11.640 2 ATTITUDE 0.095989 0. -1.317619
11.736 2 GPS 0 0 0 0 0 0 0 0 0 0 1
11.737 2 ESTIMATOR 0. 0.
11.742 2 WP_MOVED 3 374933.8125 4223160. 75. 18
11.744 2 DL_VALUE 15 0.008
11.766 2 COMMANDS 3600,9600,-4800,-1405,0
11.770 2 NAVIGATION 0 2 0. 0. 0. 0. 0 0
11.816 2 FBW_STATUS 0 48 1 362 0 1
11.836 2 GPS 0 0 0 0 0 0 0 0 0 0 1
11.838 2 ESTIMATOR 0. 0.
11.842 2 NAVIGATION 0 2 0. 0. 0. 0. 0 0
11.868 2 ACTUATORS 1375,1573,1573,0,1305,0,1500,2000
11.936 2 GPS 0 0 0 0 0 0 0 0 0 0 1
11.937 2 ESTIMATOR 0. 0.
12.016 2 COMMANDS 3600,9600,-3075,-1405,0
12.020 2 NAVIGATION 0 2 0. 0. 0. 0. 0 0
12.036 2 GPS 0 0 0 0 0 0 0 0 0 0 1
12.038 2 ESTIMATOR 0. 0.
12.116 2 ACTUATORS 1375,1573,1573,0,1387,0,1500,2000
12.128 2 DOWNLINK_STATUS 13 12433 562 0 925. 41. 5.77
12.136 2 GPS 0 0 0 0 0 0 0 0 0 0 1
12.137 2 ESTIMATOR 0. 0.
12.140 2 ATTITUDE 0.095989 0. -1.317619
12.144 2 ENERGY 36.200001 0. 0 0.
12.236 2 GPS 0 0 0 0 0 0 0 0 0 0 1
12.237 2 ESTIMATOR 0. 0.
12.242 2 WP_MOVED 4 374825.5 4223181. 75. 18
12.243 2 IR_SENSORS 511 -449 -960 62 511
12.247 2 ALIVE 252,180,207,33,108,138,46,108,225,101,137,207,232,35,84,33
12.266 2 COMMANDS 3600,9600,-825,-1405,0
12.270 2 NAVIGATION 0 2 0. 0. 0. 0. 0 0
12.336 2 GPS 0 0 0 0 0 0 0 0 0 0 1
12.337 2 ESTIMATOR 0. 0.
12.340 2 PPRZ_MODE 1 0 0 0 0 21
12.366 2 ACTUATORS 1375,1573,1573,0,1503,0,1500,2000
12.436 2 GPS 0 0 0 0 0 0 0 0 0 0 1
12.438 2 ESTIMATOR 0. 0.
12.444 2 DESIRED -0.08 -0.19 0. 0. 0. 50. 0. 18.
12.518 2 NAVIGATION 0 2 0. 0. 0. 0. 0 0
12.520 2 COMMANDS 3600,9600,1350,-1405,0
12.536 2 GPS 0 0 0 0 0 0 0 0 0 0 1
12.538 2 ESTIMATOR 0. 0.
12.538 2 STATE_FILTER_STATUS 3 1533
12.616 2 ACTUATORS 1375,1573,1573,0,1621,0,1500,2000
12.636 2 GPS 0 0 0 0 0 0 0 0 0 0 1
12.637 2 ESTIMATOR 0. 0.
12.640 2 ATTITUDE 0.095989 0. -1.317619
12.644 2 BAT 3600 362 1023 0 0 1 257 0 0
12.645 2 DOWNLINK 4 959 11118
12.736 2 GPS 0 0 0 0 0 0 0 0 0 0 1
12.737 2 ESTIMATOR 0. 0.
12.740 2 WP_MOVED 5 374869. 4223008. 75. 18
12.760 2 WIND_INFO 2 42 0. 0. 0.
12.766 2 COMMANDS 3600,9600,4125,-1405,0
12.770 2 NAVIGATION 0 2 0. 0. 0. 0. 0 0
12.836 2 GPS 0 0 0 0 0 0 0 0 0 0 1
12.838 2 ESTIMATOR 0. 0.
12.841 2 NAVIGATION 0 2 0. 0. 0. 0. 0 0
12.844 2 GPS_SOL 0 0 0 0
12.866 2 ACTUATORS 1375,1573,1573,0,1800,0,1500,2000
12.936 2 GPS 0 0 0 0 0 0 0 0 0 0 1
12.938 2 ESTIMATOR 0. 0.
13.016 2 COMMANDS 3600,9600,7050,-1405,0
13.020 2 NAVIGATION 0 2 0. 0. 0. 0. 0 0
13.035 2 GPS 0 0 0 0 0 0 0 0 0 0 1
13.037 2 ESTIMATOR 0. 0.
13.116 2 ACTUATORS 1375,1573,1573,0,1945,0,1500,2000
13.129 2 DOWNLINK_STATUS 14 13438 608 0 1005. 46. 5.77
13.134 2 GPS 0 0 0 0 0 0 0 0 0 0 1
13.138 2 ESTIMATOR 0. 0.
13.140 2 ATTITUDE 0.095989 0. -1.317619
13.142 2 CALIBRATION 0. 0
13.234 2 GPS 0 0 0 0 0 0 0 0 0 0 1
13.238 2 ESTIMATOR 0. 0.
13.240 2 WP_MOVED 6 374869. 4223033. 75. 18
13.241 2 DL_VALUE 16 0.25
13.266 2 COMMANDS 3600,9600,9525,-1405,0
13.270 2 NAVIGATION 0 2 0. 0. 0. 0. 0 0
13.334 2 GPS 0 0 0 0 0 0 0 0 0 0 1
13.338 2 ESTIMATOR 0. 0.
13.366 2 ACTUATORS 1375,1573,1573,0,1996,0,1500,2000
13.434 2 GPS 0 0 0 0 0 0 0 0 0 0 1
13.438 2 ESTIMATOR 0. 0.
13.440 2 IR_SENSORS 511 -449 -960 62 511
13.486 2 DESIRED -0.08 -0.19 0. 0. 0. 50. 0. 18.
13.515 2 COMMANDS 3600,9600,9525,-1405,0
13.519 2 NAVIGATION 0 2 0. 0. 0. 0. 0 0
13.536 2 GPS 0 0 0 0 0 0 0 0 0 0 1
13.538 2 ESTIMATOR 0. 0.
13.616 2 ACTUATORS 1375,1573,1573,0,1996,0,1500,2000
13.634 2 GPS 0 0 0 0 0 0 0 0 0 0 1
13.638 2 ESTIMATOR 0. 0.
13.640 2 ATTITUDE 0.095989 0. -1.317619
13.734 2 GPS 0 0 0 0 0 0 0 0 0 0 1
13.738 2 ESTIMATOR 0. 0.
13.740 2 WP_MOVED 7 374869. 4223058. 75. 18
13.744 2 BAT 3600 362 1023 0 0 1 258 0 0
13.766 2 COMMANDS 3600,9600,9525,-1405,0
13.770 2 NAVIGATION 0 2 0. 0. 0. 0. 0 0
13.816 2 FBW_STATUS 0 48 1 362 0 2
13.834 2 GPS 0 0 0 0 0 0 0 0 0 0 1
13.838 2 ESTIMATOR 0. 0.
13.842 2 NAVIGATION 0 2 0. 0. 0. 0. 0 0
13.866 2 ACTUATORS 1375,1573,1573,0,1996,0,1500,2000
13.934 2 GPS 0 0 0 0 0 0 0 0 0 0 1
13.938 2 ESTIMATOR 0. 0.
14.016 2 COMMANDS 3600,9600,9525,-1405,0
14.020 2 NAVIGATION 0 2 0. 0. 0. 0. 0 0
14.035 2 GPS 0 0 0 0 0 0 0 0 0 0 1
14.037 2 ESTIMATOR 0. 0.
14.118 2 ACTUATORS 1375,1573,1573,0,1996,0,1500,2000
14.129 2 DOWNLINK_STATUS 15 14390 651 0 952. 43. 5.77
14.135 2 GPS 0 0 0 0 0 0 0 0 0 0 1
14.137 2 ESTIMATOR 0. 0.
14.139 2 ATTITUDE 0.095989 0. -1.317619
14.236 2 GPS 0 0 0 0 0 0 0 0 0 0 1
14.238 2 ESTIMATOR 0. 0.
14.240 2 WP_MOVED 8 374869. 4223083. 75. 18
14.268 2 NAVIGATION 0 2 0. 0. 0. 0. 0 0
14.270 2 COMMANDS 3600,9600,8100,-1405,0
14.336 2 GPS 0 0 0 0 0 0 0 0 0 0 1
14.337 2 ESTIMATOR 0. 0.
14.366 2 ACTUATORS 1375,1573,1573,0,1832,0,1500,2000
14.436 2 GPS 0 0 0 0 0 0 0 0 0 0 1
14.438 2 ESTIMATOR 0. 0.
14.516 2 COMMANDS 3600,9600,4125,-1405,0
14.520 2 NAVIGATION 0 2 0. 0. 0. 0. 0 0
14.536 2 GPS 0 0 0 0 0 0 0 0 0 0 1
14.537 2 ESTIMATOR 0. 0.
14.543 2 DESIRED -0.08 -0.19 0. 0. 0. 50. 0. 18.
14.616 2 ACTUATORS 1375,1573,1573,0,1593,0,1500,2000
14.624 2 PONG 
14.636 2 GPS 0 0 0 0 0 0 0 0 0 0 1
14.637 2 ESTIMATOR 0. 0.
14.640 2 ATTITUDE 0.095989 0. -1.317619
14.644 2 IR_SENSORS 511 -449 -960 62 511
14.645 2 ENERGY 36.200001 0. 0 0.
14.736 2 GPS 0 0 0 0 0 0 0 0 0 0 1
14.737 2 ESTIMATOR 0. 0.
14.740 2 WP_MOVED 9 374869. 4223108. 75. 18
14.741 2 DL_VALUE 17 0.
14.765 2 COMMANDS 3600,9600,-450,-1405,0
14.770 2 NAVIGATION 0 2 0. 0. 0. 0. 0 0
14.834 2 GPS 0 0 0 0 0 0 0 0 0 0 1
14.838 2 ESTIMATOR 0. 0.
14.842 2 NAVIGATION 0 2 0. 0. 0. 0. 0 0
14.846 2 BAT 3600 362 1023 0 0 1 259 0 0
14.848 2 GPS_SOL 0 0 0 0
14.866 2 ACTUATORS 1375,1573,1573,0,1375,0,1500,2000
14.936 2 GPS 0 0 0 0 0 0 0 0 0 0 1
14.937 2 ESTIMATOR 0. 0.
15.016 2 COMMANDS 3600,9600,-4575,-1405,0
15.020 2 NAVIGATION 0 2 0. 0. 0. 0. 0 0
15.037 2 GPS 0 0 0 0 0 0 0 0 0 0 1
15.037 2 ESTIMATOR 0. 0.
15.116 2 ACTUATORS 1375,1573,1573,0,1133,0,1500,2000
15.130 2 DOWNLINK_STATUS 16 15357 695 0 967. 44. 5.28
15.136 2 GPS 0 0 0 0 0 0 0 0 0 0 1
15.137 2 ESTIMATOR 0. 0.
15.140 2 ATTITUDE 0.095989 0. -1.317619
15.236 2 GPS 0 0 0 0 0 0 0 0 0 0 1
15.237 2 ESTIMATOR 0. 0.
15.240 2 WP_MOVED 0 374931. 4223100. 75. 18
15.241 2 CALIBRATION 0. 0
15.266 2 COMMANDS 3600,9600,-9525,-1405,0
15.270 2 NAVIGATION 0 2 0. 0. 0. 0. 0 0
15.334 2 GPS 0 0 0 0 0 0 0 0 0 0 1
15.338 2 ESTIMATOR 0. 0.
15.366 2 ACTUATORS 1375,1573,1573,0,1004,0,1500,2000
15.433 2 GPS 0 0 0 0 0 0 0 0 0 0 1
15.438 2 ESTIMATOR 0. 0.
15.516 2 COMMANDS 3600,9600,-9525,-1405,0
15.520 2 NAVIGATION 0 2 0. 0. 0. 0. 0 0
15.533 2 GPS 0 0 0 0 0 0 0 0 0 0 1
15.538 2 ESTIMATOR 0. 0.
15.586 2 DESIRED -0.08 -0.19 0. 0. 0. 50. 0. 18.
15.617 2 ACTUATORS 1375,1573,1573,0,1004,0,1500,2000
15.635 2 GPS 0 0 0 0 0 0 0 0 0 0 1
15.637 2 ESTIMATOR 0. 0.
15.639 2 ATTITUDE 0.095989 0. -1.317619
15.735 2 GPS 0 0 0 0 0 0 0 0 0 0 1
15.737 2 ESTIMATOR 0. 0.
15.741 2 WP_MOVED 1 374889. 4223058. 75. 18
15.765 2 COMMANDS 3600,9600,-9525,-1405,0
15.769 2 NAVIGATION 0 2 0. 0. 0. 0. 0 0
15.815 2 FBW_STATUS 0 48 1 362 0 1
15.835 2 GPS 0 0 0 0 0 0 0 0 0 0 1
15.837 2 ESTIMATOR 0. 0.
15.841 2 NAVIGATION 0 2 0. 0. 0. 0. 0 0
15.843 2 IR_SENSORS 511 -449 -960 62 511
15.865 2 ACTUATORS 1375,1573,1573,0,1004,0,1500,2000
15.935 2 GPS 0 0 0 0 0 0 0 0 0 0 1
15.937 2 ESTIMATOR 0. 0.
15.941 2 BAT 3600 362 1023 0 0 1 260 0 0
16.015 2 COMMANDS 3600,9600,-9525,-1405,0
16.019 2 NAVIGATION 0 2 0. 0. 0. 0. 0 0
16.035 2 GPS 0 0 0 0 0 0 0 0 0 0 1
16.039 2 ESTIMATOR 0. 0.
16.115 2 ACTUATORS 1375,1573,1573,0,1004,0,1500,2000
16.131 2 DOWNLINK_STATUS 17 16298 737 0 941. 42. 5.28
16.135 2 GPS 0 0 0 0 0 0 0 0 0 0 1
16.137 2 ESTIMATOR 0. 0.
16.139 2 ATTITUDE 0.095989 0. -1.317619
16.235 2 GPS 0 0 0 0 0 0 0 0 0 0 1
16.237 2 ESTIMATOR 0. 0.
16.241 2 WP_MOVED 2 374909. 4223138. 75. 18
16.243 2 DL_VALUE 18 0.15
16.265 2 COMMANDS 3600,9600,-9525,-1405,0
16.269 2 NAVIGATION 0 2 0. 0. 0. 0. 0 0
16.335 2 GPS 0 0 0 0 0 0 0 0 0 0 1
16.337 2 ESTIMATOR 0. 0.
16.365 2 ACTUATORS 1375,1573,1573,0,1004,0,1500,2000
16.435 2 GPS 0 0 0 0 0 0 0 0 0 0 1
16.437 2 ESTIMATOR 0. 0.
16.517 2 NAVIGATION 0 2 0. 0. 0. 0. 0 0
16.519 2 COMMANDS 3600,9600,-9525,-1405,0
16.535 2 GPS 0 0 0 0 0 0 0 0 0 0 1
16.539 2 ESTIMATOR 0. 0.
16.616 2 ACTUATORS 1375,1573,1573,0,1004,0,1500,2000
16.634 2 GPS 0 0 0 0 0 0 0 0 0 0 1
16.637 2 ESTIMATOR 0. 0.
16.639 2 ATTITUDE 0.095989 0. -1.317619
16.646 2 DESIRED -0.08 -0.19 0. 0. 0. 50. 0. 18.
16.736 2 GPS 0 0 0 0 0 0 0 0 0 0 1
16.737 2 ESTIMATOR 0. 0.
16.739 2 WP_MOVED 3 374933.8125 4223160. 75. 18
16.765 2 COMMANDS 3600,9600,-9525,-1405,0
16.769 2 NAVIGATION 0 2 0. 0. 0. 0. 0 0
16.835 2 GPS 0 0 0 0 0 0 0 0 0 0 1
16.837 2 ESTIMATOR 0. 0.
16.841 2 NAVIGATION 0 2 0. 0. 0. 0. 0 0
16.843 2 GPS_SOL 0 0 0 0
16.866 2 ACTUATORS 1375,1573,1573,0,1004,0,1500,2000
16.936 2 GPS 0 0 0 0 0 0 0 0 0 0 1
16.937 2 ESTIMATOR 0. 0.
17.016 2 COMMANDS 3600,9600,-9525,-1405,0
17.019 2 NAVIGATION 0 2 0. 0. 0. 0. 0 0
17.036 2 GPS 0 0 0 0 0 0 0 0 0 0 1
17.037 2 ESTIMATOR 0. 0.
17.045 2 BAT 3600 362 1023 0 0 1 261 0 0
17.045 2 IR_SENSORS 511 -449 -960 62 511
17.115 2 ACTUATORS 1375,1573,1573,0,1004,0,1500,2000
17.132 2 DOWNLINK_STATUS 18 17239 779 0 941. 42. 5.28
17.135 2 GPS 0 0 0 0 0 0 0 0 0 0 1
17.137 2 ESTIMATOR 0. 0.
17.139 2 ATTITUDE 0.095989 0. -1.317619
17.144 2 ENERGY 36.200001 0. 0 0.
17.236 2 GPS 0 0 0 0 0 0 0 0 0 0 1
17.237 2 ESTIMATOR 0. 0.
17.239 2 WP_MOVED 4 374825.5 4223181. 75. 18
17.244 2 ALIVE 252,180,207,33,108,138,46,108,225,101,137,207,232,35,84,33
17.267 2 NAVIGATION 0 2 0. 0. 0. 0. 0 0
17.269 2 COMMANDS 3600,9600,-9525,-1405,0
17.334 2 GPS 0 0 0 0 0 0 0 0 0 0 1
17.337 2 ESTIMATOR 0. 0.
17.339 2 CALIBRATION 0. 0
17.342 2 PPRZ_MODE 1 0 0 0 0 21
17.366 2 ACTUATORS 1375,1573,1573,0,1004,0,1500,2000
17.434 2 GPS 0 0 0 0 0 0 0 0 0 0 1
17.437 2 ESTIMATOR 0. 0.
17.516 2 NAVIGATION 0 2 0. 0. 0. 0. 0 0
17.520 2 COMMANDS 3600,9600,-9525,-1405,0
17.534 2 GPS 0 0 0 0 0 0 0 0 0 0 1
17.537 2 ESTIMATOR 0. 0.
17.537 2 STATE_FILTER_STATUS 3 1533
17.616 2 ACTUATORS 1375,1573,1573,0,1004,0,1500,2000
17.634 2 GPS 0 0 0 0 0 0 0 0 0 0 1
17.637 2 ESTIMATOR 0. 0.
17.640 2 ATTITUDE 0.095989 0. -1.317619
17.686 2 DESIRED -0.08 -0.19 0. 0. 0. 50. 0. 18.
17.734 2 GPS 0 0 0 0 0 0 0 0 0 0 1
17.737 2 ESTIMATOR 0. 0.
17.740 2 WP_MOVED 5 374869. 4223008. 75. 18
17.742 2 DL_VALUE 19 0.14
17.744 2 DOWNLINK 4 952 11338
17.765 2 COMMANDS 3600,9600,-9525,-1405,0
17.770 2 NAVIGATION 0 2 0. 0. 0. 0. 0 0
17.815 2 FBW_STATUS 0 48 1 362 0 1
17.834 2 GPS 0 0 0 0 0 0 0 0 0 0 1
17.837 2 ESTIMATOR 0. 0.
17.841 2 NAVIGATION 0 2 0. 0. 0. 0. 0 0
17.866 2 ACTUATORS 1375,1573,1573,0,1004,0,1500,2000
17.933 2 GPS 0 0 0 0 0 0 0 0 0 0 1
17.937 2 ESTIMATOR 0. 0.
18.016 2 COMMANDS 3600,9600,-9525,-1405,0
18.020 2 NAVIGATION 0 2 0. 0. 0. 0. 0 0
18.034 2 GPS 0 0 0 0 0 0 0 0 0 0 1
18.037 2 ESTIMATOR 0. 0.
18.116 2 ACTUATORS 1375,1573,1573,0,1004,0,1500,2000
18.134 2 GPS 0 0 0 0 0 0 0 0 0 0 1
18.134 2 DOWNLINK_STATUS 19 18260 826 0 1021. 47. 5.28
18.137 2 ESTIMATOR 0. 0.
18.140 2 ATTITUDE 0.095989 0. -1.317619
18.144 2 BAT 3600 362 1023 0 0 1 262 0 0
18.234 2 GPS 0 0 0 0 0 0 0 0 0 0 1
18.237 2 ESTIMATOR 0. 0.
18.240 2 WP_MOVED 6 374869. 4223033. 75. 18
18.244 2 IR_SENSORS 511 -448 -959 63 511
18.266 2 COMMANDS 3600,9600,-9525,-1417,0
18.270 2 NAVIGATION 0 2 0. 0. 0. 0. 0 0
18.334 2 GPS 0 0 0 0 0 0 0 0 0 0 1
18.338 2 ESTIMATOR 0. 0.
18.366 2 ACTUATORS 1375,1573,1573,0,1004,0,1500,2000
18.434 2 GPS 0 0 0 0 0 0 0 0 0 0 1
18.437 2 ESTIMATOR 0. 0.
18.516 2 COMMANDS 3600,9600,-9525,-1405,0
18.520 2 NAVIGATION 0 2 0. 0. 0. 0. 0 0
18.533 2 GPS 0 0 0 0 0 0 0 0 0 0 1
18.535 2 ESTIMATOR 0. 0.
18.616 2 ACTUATORS 1375,1573,1573,0,1004,0,1500,2000
18.636 2 GPS 0 0 0 0 0 0 0 0 0 0 1
18.637 2 ESTIMATOR 0. 0.
18.640 2 ATTITUDE 0.095989 0. -1.317619
18.734 2 GPS 0 0 0 0 0 0 0 0 0 0 1
18.737 2 ESTIMATOR 0. 0.
18.740 2 WP_MOVED 7 374869. 4223058. 75. 18
18.747 2 DESIRED -0.08 -0.19 0. 0. 0. 50. 0. 18.
18.750 2 NAVIGATION_REF 374889 4223058 18
18.766 2 COMMANDS 3600,9600,-9525,-1405,0
18.770 2 NAVIGATION 0 2 0. 0. 0. 0. 0 0
18.834 2 GPS 0 0 0 0 0 0 0 0 0 0 1
18.835 2 ESTIMATOR 0. 0.
18.842 2 NAVIGATION 0 2 0. 0. 0. 0. 0 0
18.843 2 GPS_SOL 0 0 0 0
18.865 2 ACTUATORS 1375,1573,1573,0,1004,0,1500,2000
18.934 2 GPS 0 0 0 0 0 0 0 0 0 0 1
18.936 2 ESTIMATOR 0. 0.
19.015 2 COMMANDS 3600,9600,-9525,-1405,0
19.019 2 NAVIGATION 0 2 0. 0. 0. 0. 0 0
19.035 2 GPS 0 0 0 0 0 0 0 0 0 0 1
19.037 2 ESTIMATOR 0. 0.
19.117 2 ACTUATORS 1375,1573,1573,0,1004,0,1500,2000
19.135 2 GPS 0 0 0 0 0 0 0 0 0 0 1
19.135 2 DOWNLINK_STATUS 20 19205 868 0 945. 42. 5.28
19.136 2 ESTIMATOR 0. 0.
19.141 2 ATTITUDE 0.095989 0. -1.317619
19.234 2 GPS 0 0 0 0 0 0 0 0 0 0 1
19.237 2 ESTIMATOR 0. 0.
19.241 2 WP_MOVED 8 374869. 4223083. 75. 18
19.245 2 BAT 3600 362 1023 0 0 1 263 0 0
19.246 2 DL_VALUE 20 0.
19.265 2 COMMANDS 3600,9600,-9525,-1405,0
19.269 2 NAVIGATION 0 2 0. 0. 0. 0. 0 0
19.335 2 GPS 0 0 0 0 0 0 0 0 0 0 1
19.336 2 ESTIMATOR 0. 0.
19.365 2 ACTUATORS 1375,1573,1573,0,1004,0,1500,2000
19.434 2 GPS 0 0 0 0 0 0 0 0 0 0 1
19.437 2 ESTIMATOR 0. 0.
19.439 2 IR_SENSORS 511 -449 -960 62 511
19.443 2 CALIBRATION 0. 0
19.515 2 COMMANDS 3600,9600,-9525,-1405,0
19.519 2 NAVIGATION 0 2 0. 0. 0. 0. 0 0
19.535 2 GPS 0 0 0 0 0 0 0 0 0 0 1
19.536 2 ESTIMATOR 0. 0.
19.616 2 ACTUATORS 1375,1573,1573,0,1004,0,1500,2000
19.624 2 PONG 
19.634 2 GPS 0 0 0 0 0 0 0 0 0 0 1
19.636 2 ESTIMATOR 0. 0.
19.640 2 ATTITUDE 0.095989 0. -1.317619
19.642 2 ENERGY 36.200001 0. 0 0.
19.735 2 GPS 0 0 0 0 0 0 0 0 0 0 1
19.736 2 ESTIMATOR 0. 0.
19.740 2 WP_MOVED 9 374869. 4223108. 75. 18
19.764 2 COMMANDS 3600,9600,-9525,-1405,0
19.770 2 NAVIGATION 0 2 0. 0. 0. 0. 0 0
19.784 2 DESIRED -0.08 -0.19 0. 0. 0. 50. 0. 18.
19.814 2 FBW_STATUS 0 49 1 362 0 1
19.834 2 GPS 0 0 0 0 0 0 0 0 0 0 1
19.836 2 ESTIMATOR 0. 0.
19.840 2 NAVIGATION 0 2 0. 0. 0. 0. 0 0
19.866 2 ACTUATORS 1375,1573,1573,0,1004,0,1500,2000
19.934 2 GPS 0 0 0 0 0 0 0 0 0 0 1
19.936 2 ESTIMATOR 0. 0.
20.014 2 COMMANDS 3600,9600,-9525,-1405,0
20.018 2 NAVIGATION 0 2 0. 0. 0. 0. 0 0
20.034 2 GPS 0 0 0 0 0 0 0 0 0 0 1
20.036 2 ESTIMATOR 0. 0.
20.116 2 ACTUATORS 1375,1573,1573,0,1004,0,1500,2000
20.135 2 GPS 0 0 0 0 0 0 0 0 0 0 1
20.136 2 ESTIMATOR 0. 0.
20.136 2 DOWNLINK_STATUS 21 20197 914 0 992. 46. 5.41
20.140 2 ATTITUDE 0.095989 0. -1.317619
20.235 2 GPS 0 0 0 0 0 0 0 0 0 0 1
20.236 2 ESTIMATOR 0. 0.
20.240 2 WP_MOVED 0 374931. 4223100. 75. 18
20.264 2 COMMANDS 3600,9600,-9525,-1405,0
20.268 2 NAVIGATION 0 2 0. 0. 0. 0. 0 0
20.334 2 GPS 0 0 0 0 0 0 0 0 0 0 1
20.336 2 ESTIMATOR 0. 0.
20.340 2 BAT 3600 362 1023 0 0 1 264 0 0
20.367 2 ACTUATORS 1375,1573,1573,0,1004,0,1500,2000
20.435 2 GPS 0 0 0 0 0 0 0 0 0 0 1
20.436 2 ESTIMATOR 0. 0.
20.514 2 COMMANDS 3600,9600,-9525,-1405,0
20.518 2 NAVIGATION 0 2 0. 0. 0. 0. 0 0
20.535 2 GPS 0 0 0 0 0 0 0 0 0 0 1
20.536 2 ESTIMATOR 0. 0.
20.616 2 ACTUATORS 1375,1573,1573,0,1004,0,1500,2000
20.634 2 GPS 0 0 0 0 0 0 0 0 0 0 1
20.636 2 ESTIMATOR 0. 0.
20.640 2 ATTITUDE 0.095989 0. -1.317619
20.642 2 IR_SENSORS 511 -449 -960 62 511
20.735 2 GPS 0 0 0 0 0 0 0 0 0 0 1
20.736 2 ESTIMATOR 0. 0.
20.740 2 WP_MOVED 1 374889. 4223058. 75. 18
20.742 2 DL_VALUE 21 50.
20.764 2 COMMANDS 3600,9600,-9525,-1405,0
20.768 2 NAVIGATION 0 2 0. 0. 0. 0. 0 0
20.835 2 GPS 0 0 0 0 0 0 0 0 0 0 1
20.836 2 ESTIMATOR 0. 0.
20.840 2 NAVIGATION 0 2 0. 0. 0. 0. 0 0
20.846 2 DESIRED -0.08 -0.19 0. 0. 0. 50. 0. 18.
20.851 2 GPS_SOL 0 0 0 0
20.866 2 ACTUATORS 1375,1573,1573,0,1004,0,1500,2000
20.935 2 GPS 0 0 0 0 0 0 0 0 0 0 1
20.936 2 ESTIMATOR 0. 0.
21.015 2 COMMANDS 3600,9600,-9525,-1405,0
21.019 2 NAVIGATION 0 2 0. 0. 0. 0. 0 0
21.035 2 GPS 0 0 0 0 0 0 0 0 0 0 1
21.036 2 ESTIMATOR 0. 0.
21.117 2 ACTUATORS 1375,1573,1573,0,1004,0,1500,2000
21.135 2 GPS 0 0 0 0 0 0 0 0 0 0 1
21.136 2 ESTIMATOR 0. 0.
21.136 2 DOWNLINK_STATUS 22 21138 956 0 941. 42. 5.41
21.139 2 ATTITUDE 0.095989 0. -1.317619
21.235 2 GPS 0 0 0 0 0 0 0 0 0 0 1
21.236 2 ESTIMATOR 0. 0.
21.241 2 WP_MOVED 2 374909. 4223138. 75. 18
21.264 2 COMMANDS 3600,9600,-9525,-1405,0
21.269 2 NAVIGATION 0 2 0. 0. 0. 0. 0 0
21.335 2 GPS 0 0 0 0 0 0 0 0 0 0 1
21.337 2 ESTIMATOR 0. 0.
21.365 2 ACTUATORS 1375,1573,1573,0,1004,0,1500,2000
21.435 2 GPS 0 0 0 0 0 0 0 0 0 0 1
21.436 2 ESTIMATOR 0. 0.
21.440 2 BAT 3600 362 1023 0 0 1 265 0 0
21.515 2 COMMANDS 3600,9600,-9525,-1405,0
21.519 2 NAVIGATION 0 2 0. 0. 0. 0. 0 0
21.535 2 GPS 0 0 0 0 0 0 0 0 0 0 1
21.537 2 ESTIMATOR 0. 0.
21.539 2 CALIBRATION 0. 0
21.615 2 ACTUATORS 1375,1573,1573,0,1004,0,1500,2000
21.635 2 GPS 0 0 0 0 0 0 0 0 0 0 1
21.636 2 ESTIMATOR 0. 0.
21.641 2 ATTITUDE 0.095989 0. -1.317619
21.734 2 GPS 0 0 0 0 0 0 0 0 0 0 1
21.736 2 ESTIMATOR 0. 0.
21.740 2 WP_MOVED 3 374933.8125 4223160. 75. 18
21.764 2 COMMANDS 3600,9600,-9525,-1405,0
21.768 2 NAVIGATION 0 2 0. 0. 0. 0. 0 0
21.814 2 FBW_STATUS 0 48 1 362 0 1
21.835 2 GPS 0 0 0 0 0 0 0 0 0 0 1
21.836 2 ESTIMATOR 0. 0.
21.841 2 NAVIGATION 0 2 0. 0. 0. 0. 0 0
21.844 2 IR_SENSORS 511 -449 -960 62 511
21.866 2 ACTUATORS 1375,1573,1573,0,1004,0,1500,2000
21.885 2 DESIRED -0.08 -0.19 0. 0. 0. 50. 0. 18.
21.934 2 GPS 0 0 0 0 0 0 0 0 0 0 1
21.936 2 ESTIMATOR 0. 0.
22.014 2 COMMANDS 3600,9600,-9525,-1405,0
22.018 2 NAVIGATION 0 2 0. 0. 0. 0. 0 0
22.033 2 GPS 0 0 0 0 0 0 0 0 0 0 1
22.035 2 ESTIMATOR 0. 0.
22.116 2 ACTUATORS 1375,1573,1573,0,1004,0,1500,2000
22.134 2 GPS 0 0 0 0 0 0 0 0 0 0 1
22.136 2 ESTIMATOR 0. 0.
22.137 2 DOWNLINK_STATUS 23 22079 998 0 941. 42. 5.41
22.140 2 ATTITUDE 0.095989 0. -1.317619
22.142 2 ENERGY 36.200001 0. 0 0.
22.234 2 GPS 0 0 0 0 0 0 0 0 0 0 1
22.236 2 ESTIMATOR 0. 0.
22.240 2 WP_MOVED 4 374825.5 4223181. 75. 18
22.242 2 DL_VALUE 22 0.
22.246 2 ALIVE 252,180,207,33,108,138,46,108,225,101,137,207,232,35,84,33
22.264 2 COMMANDS 3600,9600,-9525,-1405,0
22.268 2 NAVIGATION 0 2 0. 0. 0. 0. 0 0
22.334 2 GPS 0 0 0 0 0 0 0 0 0 0 1
22.336 2 ESTIMATOR 0. 0.
22.338 2 PPRZ_MODE 1 0 0 0 0 21
22.366 2 ACTUATORS 1375,1573,1573,0,1004,0,1500,2000
22.434 2 GPS 0 0 0 0 0 0 0 0 0 0 1
22.436 2 ESTIMATOR 0. 0.
22.514 2 COMMANDS 3600,9600,-9525,-1405,0
22.518 2 NAVIGATION 0 2 0. 0. 0. 0. 0 0
22.534 2 GPS 0 0 0 0 0 0 0 0 0 0 1
22.536 2 ESTIMATOR 0. 0.
22.540 2 BAT 3600 362 1023 0 0 1 267 0 0
22.542 2 STATE_FILTER_STATUS 3 1533
22.616 2 ACTUATORS 1375,1573,1573,0,1004,0,1500,2000
22.634 2 GPS 0 0 0 0 0 0 0 0 0 0 1
22.636 2 ESTIMATOR 0. 0.
22.640 2 ATTITUDE 0.095989 0. -1.317619
22.734 2 GPS 0 0 0 0 0 0 0 0 0 0 1
22.736 2 ESTIMATOR 0. 0.
22.740 2 WP_MOVED 5 374869. 4223008. 75. 18
22.764 2 COMMANDS 3600,9600,-9525,-1405,0
22.768 2 NAVIGATION 0 2 0. 0. 0. 0. 0 0
22.834 2 GPS 0 0 0 0 0 0 0 0 0 0 1
22.836 2 ESTIMATOR 0. 0.
22.840 2 NAVIGATION 0 2 0. 0. 0. 0. 0 0
22.844 2 GPS_SOL 0 0 0 0
22.846 2 DOWNLINK 4 960 11560
22.866 2 ACTUATORS 1375,1573,1573,0,1004,0,1500,2000
22.934 2 GPS 0 0 0 0 0 0 0 0 0 0 1
22.936 2 ESTIMATOR 0. 0.
22.942 2 DESIRED -0.08 -0.19 0. 0. 0. 50. 0. 18.
23.014 2 COMMANDS 3600,9600,-9525,-1405,0
23.018 2 NAVIGATION 0 2 0. 0. 0. 0. 0 0
23.034 2 GPS 0 0 0 0 0 0 0 0 0 0 1
23.036 2 ESTIMATOR 0. 0.
23.043 2 IR_SENSORS 511 -449 -960 62 511
23.115 2 ACTUATORS 1375,1573,1573,0,1004,0,1500,2000
23.134 2 GPS 0 0 0 0 0 0 0 0 0 0 1
23.136 2 ESTIMATOR 0. 0.
23.138 2 DOWNLINK_STATUS 24 23095 1045 0 1016. 47. 5.41
23.140 2 ATTITUDE 0.095989 0. -1.317619
23.234 2 GPS 0 0 0 0 0 0 0 0 0 0 1
23.236 2 ESTIMATOR 0. 0.
23.240 2 WP_MOVED 6 374869. 4223033. 75. 18
23.264 2 COMMANDS 3600,9600,-9525,-1405,0
23.268 2 NAVIGATION 0 2 0. 0. 0. 0. 0 0
