4.176 2 ACTUATORS 0,1500,1503,0,1640,0,0,1500
4.194 2 GPS 0 0 0 0 0 0 0 0 0 0 1
4.196 2 ESTIMATOR 0. 0.
4.198 2 ATTITUDE 0.095989 0. -1.317619
4.202 2 IR_SENSORS 511 -449 -960 62 511
4.293 2 GPS 0 0 0 0 0 0 0 0 0 0 1
4.297 2 ESTIMATOR 0. 0.
4.299 2 WP_MOVED 1 374889. 4223058. 75. 18
4.301 2 DL_VALUE 4 0.
4.303 2 DOWNLINK 0 949 315
4.323 2 COMMANDS 2700,0,0,75
4.329 2 NAVIGATION 1 5 0. 0. 0. 0. 0 0
4.393 2 GPS 0 0 0 0 0 0 0 0 0 0 1
4.397 2 ESTIMATOR 0. 0.
4.401 2 NAVIGATION 1 5 0. 0. 0. 0. 0 0
4.403 2 GPS_SOL 0 0 0 0
4.424 2 ACTUATORS 0,1500,1503,0,1640,0,0,1500
4.493 2 GPS 0 0 0 0 0 0 0 0 0 0 1
4.497 2 ESTIMATOR 0. 0.
4.501 2 BAT 2700 362 1023 0 0 0 7 0 0
4.572 2 COMMANDS 2700,0,0,75
4.579 2 NAVIGATION 1 5 0. 0. 0. 0. 0 0
4.593 2 GPS 0 0 0 0 0 0 0 0 0 0 1
4.597 2 ESTIMATOR 0. 0.
4.675 2 ACTUATORS 0,1500,1503,0,1640,0,0,1500
4.692 2 GPS 0 0 0 0 0 0 0 0 0 0 1
4.697 2 ESTIMATOR 0. 0.
4.699 2 ATTITUDE 0.095989 0. -1.317619
4.793 2 GPS 0 0 0 0 0 0 0 0 0 0 1
4.797 2 ESTIMATOR 0. 0.
4.799 2 WP_MOVED 0 374931. 4223100. 75. 18
4.801 2 CALIBRATION 0. 0
4.823 2 COMMANDS 2700,0,0,75
4.829 2 NAVIGATION 1 5 0. 0. 0. 0. 0 0
4.893 2 GPS 0 0 0 0 0 0 0 0 0 0 1
4.897 2 ESTIMATOR 0. 0.
4.921 2 DOWNLINK_STATUS 5 4729 216 0 964. 45. 0.
4.925 2 ACTUATORS 0,1500,1503,0,1640,0,0,1500
4.993 2 GPS 0 0 0 0 0 0 0 0 0 0 1
4.997 2 ESTIMATOR 0. 0.
5.075 2 NAVIGATION 1 5 0. 0. 0. 0. 0 0
5.079 2 COMMANDS 2700,0,0,75
5.093 2 GPS 0 0 0 0 0 0 0 0 0 0 1
5.097 2 ESTIMATOR 0. 0.
5.145 2 DESIRED 0. 0. 0. 0. 0. 50. 0. 18.
5.175 2 ACTUATORS 0,1500,1503,0,1640,0,0,1500
5.193 2 GPS 0 0 0 0 0 0 0 0 0 0 1
5.197 2 ESTIMATOR 0. 0.
5.199 2 ATTITUDE 0.095989 0. -1.317619
5.293 2 GPS 0 0 0 0 0 0 0 0 0 0 1
5.297 2 ESTIMATOR 0. 0.
5.299 2 WP_MOVED 1 374889. 4223058. 75. 18
5.323 2 COMMANDS 2700,0,0,75
5.329 2 NAVIGATION 1 5 0. 0. 0. 0. 0 0
5.373 2 FBW_STATUS 0 49 0 362 0 2
5.393 2 GPS 0 0 0 0 0 0 0 0 0 0 1
5.397 2 ESTIMATOR 0. 0.
5.401 2 NAVIGATION 1 5 0. 0. 0. 0. 0 0
5.403 2 IR_SENSORS 511 -449 -960 62 511
5.417 2 PONG 
5.425 2 ACTUATORS 0,1500,1503,0,1640,0,0,1500
5.494 2 GPS 0 0 0 0 0 0 0 0 0 0 1
5.498 2 ESTIMATOR 0. 0.
5.575 2 NAVIGATION 1 5 0. 0. 0. 0. 0 0
5.579 2 COMMANDS 2700,0,0,75
5.594 2 GPS 0 0 0 0 0 0 0 0 0 0 1
5.596 2 ESTIMATOR 0. 0.
5.600 2 BAT 2700 362 1023 0 0 0 8 0 0
5.676 2 ACTUATORS 0,1500,1503,0,1640,0,0,1500
5.694 2 GPS 0 0 0 0 0 0 0 0 0 0 1
5.696 2 ESTIMATOR 0. 0.
5.699 2 ATTITUDE 0.095989 0. -1.317619
5.794 2 GPS 0 0 0 0 0 0 0 0 0 0 1
5.795 2 ESTIMATOR 0. 0.
5.799 2 WP_MOVED 0 374931. 4223100. 75. 18
5.802 2 DL_VALUE 5 8000.
5.824 2 COMMANDS 2700,0,0,75
5.830 2 NAVIGATION 1 5 0. 0. 0. 0. 0 0
5.893 2 GPS 0 0 0 0 0 0 0 0 0 0 1
5.895 2 ESTIMATOR 0. 0.
5.922 2 DOWNLINK_STATUS 6 5668 259 0 939. 43. 5.13
5.925 2 ACTUATORS 0,1500,1503,0,1640,0,0,1500
5.994 2 GPS 0 0 0 0 0 0 0 0 0 0 1
5.996 2 ESTIMATOR 0. 0.
6.074 2 COMMANDS 2700,0,0,75
6.077 2 NAVIGATION 1 5 0. 0. 0. 0. 0 0
6.093 2 GPS 0 0 0 0 0 0 0 0 0 0 1
6.095 2 ESTIMATOR 0. 0.
6.176 2 ACTUATORS 0,1500,1503,0,1640,0,0,1500
6.193 2 GPS 0 0 0 0 0 0 0 0 0 0 1
6.195 2 ESTIMATOR 0. 0.
6.199 2 ATTITUDE 0.095989 0. -1.317619
6.205 2 DESIRED 0. 0. 0. 0. 0. 50. 0. 18.
6.210 2 ENERGY 36.200001 0. 0 0.
6.294 2 GPS 0 0 0 0 0 0 0 0 0 0 1
6.298 2 ESTIMATOR 0. 0.
6.300 2 WP_MOVED 1 374889. 4223058. 75. 18
6.324 2 COMMANDS 2700,0,0,75
6.328 2 NAVIGATION 1 5 0. 0. 0. 0. 0 0
6.393 2 GPS 0 0 0 0 0 0 0 0 0 0 1
6.397 2 ESTIMATOR 0. 0.
6.402 2 NAVIGATION 1 5 0. 0. 0. 0. 0 0
6.404 2 GPS_SOL 0 0 0 0
6.426 2 ACTUATORS 0,1500,1503,0,1640,0,0,1500
6.493 2 GPS 0 0 0 0 0 0 0 0 0 0 1
6.496 2 ESTIMATOR 0. 0.
6.574 2 COMMANDS 2700,0,0,75
6.578 2 NAVIGATION 1 5 0. 0. 0. 0. 0 0
6.594 2 GPS 0 0 0 0 0 0 0 0 0 0 1
6.596 2 ESTIMATOR 0. 0.
6.600 2 IR_SENSORS 511 -449 -960 62 511
6.676 2 ACTUATORS 0,1500,1503,0,1640,0,0,1500
6.694 2 GPS 0 0 0 0 0 0 0 0 0 0 1
6.696 2 ESTIMATOR 0. 0.
6.700 2 ATTITUDE 0.095989 0. -1.317619
6.703 2 BAT 2700 362 1023 0 0 0 9 0 0
6.794 2 GPS 0 0 0 0 0 0 0 0 0 0 1
6.796 2 ESTIMATOR 0. 0.
6.800 2 WP_MOVED 0 374931. 4223100. 75. 18
6.824 2 COMMANDS 2700,0,0,75
6.828 2 NAVIGATION 1 5 0. 0. 0. 0. 0 0
6.894 2 GPS 0 0 0 0 0 0 0 0 0 0 1
6.895 2 ESTIMATOR 0. 0.
6.897 2 CALIBRATION 0. 0
6.923 2 DOWNLINK_STATUS 7 6621 302 0 953. 43. 5.13
6.926 2 ACTUATORS 0,1500,1503,0,1640,0,0,1500
6.993 2 GPS 0 0 0 0 0 0 0 0 0 0 1
6.998 2 ESTIMATOR 0. 0.
7.074 2 COMMANDS 2700,0,0,75
7.080 2 NAVIGATION 2 0 0. 0. 0. 0. 0 0
7.095 2 GPS 0 0 0 0 0 0 0 0 0 0 1
7.097 2 ESTIMATOR 0. 0.
7.176 2 ACTUATORS 0,1500,1503,0,1640,0,0,1500
7.194 2 GPS 0 0 0 0 0 0 0 0 0 0 1
7.196 2 ESTIMATOR 0. 0.
7.200 2 ATTITUDE 0.095989 0. -1.317619
7.246 2 DESIRED 0. 0. 0. 0. 0. 50. 0. 18.
7.294 2 GPS 0 0 0 0 0 0 0 0 0 0 1
7.297 2 ESTIMATOR 0. 0.
7.300 2 WP_MOVED 1 374889. 4223058. 75. 18
7.302 2 DL_VALUE 6 0.
7.326 2 NAVIGATION 2 1 0. 0. 0. 0. 0 0
7.330 2 COMMANDS 2700,0,0,75
7.376 2 FBW_STATUS 0 48 0 362 0 1
7.394 2 GPS 0 0 0 0 0 0 0 0 0 0 1
7.398 2 ESTIMATOR 0. 0.
7.402 2 NAVIGATION 2 1 0. 0. 0. 0. 0 0
7.426 2 ACTUATORS 0,1500,1503,0,1640,0,0,1500
7.494 2 GPS 0 0 0 0 0 0 0 0 0 0 1
7.498 2 ESTIMATOR 0. 0.
7.577 2 NAVIGATION 2 2 0. 0. 0. 0. 0 0
7.580 2 COMMANDS 2700,0,0,75
7.594 2 GPS 0 0 0 0 0 0 0 0 0 0 1
7.598 2 ESTIMATOR 0. 0.
7.677 2 ACTUATORS 0,1500,1503,0,1640,0,0,1500
7.694 2 GPS 0 0 0 0 0 0 0 0 0 0 1
7.698 2 ESTIMATOR 0. 0.
7.700 2 ATTITUDE 0.095989 0. -1.317619
7.794 2 GPS 0 0 0 0 0 0 0 0 0 0 1
7.796 2 ESTIMATOR 0. 0.
7.800 2 WP_MOVED 0 374931. 4223100. 75. 18
7.804 2 BAT 2700 362 1023 0 0 0 0 0 0
7.808 2 IR_SENSORS 511 -449 -960 62 511
7.827 2 NAVIGATION 2 3 0. 0. 0. 0. 0 0
7.831 2 COMMANDS 2700,0,0,75
7.895 2 GPS 0 0 0 0 0 0 0 0 0 0 1
7.897 2 ESTIMATOR 0. 0.
7.925 2 DOWNLINK_STATUS 8 7554 344 0 933. 42. 5.13
7.928 2 ACTUATORS 0,1500,1503,0,1640,0,0,1500
7.996 2 GPS 0 0 0 0 0 0 0 0 0 0 1
7.998 2 ESTIMATOR 0. 0.
8.076 2 COMMANDS 2700,0,0,75
8.080 2 NAVIGATION 2 4 0. 0. 0. 0. 0 0
8.095 2 GPS 0 0 0 0 0 0 0 0 0 0 1
8.097 2 ESTIMATOR 0. 0.
8.176 2 ACTUATORS 0,1500,1503,0,1640,0,0,1500
8.196 2 GPS 0 0 0 0 0 0 0 0 0 0 1
8.198 2 ESTIMATOR 0. 0.
8.200 2 ATTITUDE 0.095989 0. -1.317619
8.296 2 GPS 0 0 0 0 0 0 0 0 0 0 1
8.298 2 ESTIMATOR 0. 0.
8.301 2 WP_MOVED 1 374889. 4223058. 75. 18
8.308 2 DESIRED 0. 0. 0. 0. 0. 50. 0. 18.
8.310 2 NAVIGATION_REF 374889 4223058 18
8.325 2 COMMANDS 2700,0,0,75
8.329 2 NAVIGATION 2 5 0. 0. 0. 0. 0 0
8.395 2 GPS 0 0 0 0 0 0 0 0 0 0 1
8.397 2 ESTIMATOR 0. 0.
8.402 2 NAVIGATION 2 5 0. 0. 0. 0. 0 0
8.405 2 GPS_SOL 0 0 0 0
8.428 2 ACTUATORS 0,1500,1503,0,1640,0,0,1500
8.495 2 GPS 0 0 0 0 0 0 0 0 0 0 1
8.497 2 ESTIMATOR 0. 0.
8.576 2 COMMANDS 2700,0,0,75
8.580 2 NAVIGATION 2 5 0. 0. 0. 0. 0 0
8.596 2 GPS 0 0 0 0 0 0 0 0 0 0 1
8.598 2 ESTIMATOR 0. 0.
8.676 2 ACTUATORS 0,1500,1503,0,1640,0,0,1500
8.695 2 GPS 0 0 0 0 0 0 0 0 0 0 1
8.697 2 ESTIMATOR 0. 0.
8.699 2 ATTITUDE 0.095989 0. -1.317619
8.704 2 ENERGY 36.200001 0. 0 0.
8.796 2 GPS 0 0 0 0 0 0 0 0 0 0 1
8.797 2 ESTIMATOR 0. 0.
8.802 2 WP_MOVED 0 374931. 4223100. 75. 18
8.802 2 DL_VALUE 7 0.
8.806 2 ALIVE 112,242,249,43,15,163,65,250,64,163,108,188,197,37,39,241
8.826 2 COMMANDS 2700,0,0,75
8.830 2 NAVIGATION 2 5 0. 0. 0. 0. 0 0
8.896 2 GPS 0 0 0 0 0 0 0 0 0 0 1
8.898 2 ESTIMATOR 0. 0.
8.902 2 BAT 2700 362 1023 0 0 0 1 0 0
8.904 2 PPRZ_MODE 1 0 0 0 0 17
8.926 2 ACTUATORS 0,1500,1503,0,1640,0,0,1500
8.927 2 DOWNLINK_STATUS 9 8564 390 0 1010. 46. 5.13
8.996 2 GPS 0 0 0 0 0 0 0 0 0 0 1
8.998 2 ESTIMATOR 0. 0.
9.000 2 IR_SENSORS 511 -449 -960 62 511
9.002 2 CALIBRATION 0. 0
9.076 2 COMMANDS 2700,0,0,75
9.080 2 NAVIGATION 2 5 0. 0. 0. 0. 0 0
9.096 2 GPS 0 0 0 0 0 0 0 0 0 0 1
9.098 2 ESTIMATOR 0. 0.
9.100 2 STATE_FILTER_STATUS 3 1533
9.176 2 ACTUATORS 0,1500,1503,0,1640,0,0,1500
9.196 2 GPS 0 0 0 0 0 0 0 0 0 0 1
9.198 2 ESTIMATOR 0. 0.
9.200 2 ATTITUDE 0.095989 0. -1.317619
9.296 2 GPS 0 0 0 0 0 0 0 0 0 0 1
9.298 2 ESTIMATOR 0. 0.
9.302 2 WP_MOVED 1 374889. 4223058. 75. 18
9.326 2 COMMANDS 2700,0,0,75
9.330 2 NAVIGATION 2 5 0. 0. 0. 0. 0 0
9.347 2 DESIRED 0. 0. 0. 0. 0. 50. 0. 18.
9.376 2 FBW_STATUS 0 48 0 362 0 1
9.396 2 GPS 0 0 0 0 0 0 0 0 0 0 1
9.398 2 ESTIMATOR 0. 0.
9.402 2 NAVIGATION 2 5 0. 0. 0. 0. 0 0
9.404 2 DOWNLINK 0 962 539
9.427 2 ACTUATORS 0,1500,1503,0,1640,0,0,1500
9.494 2 GPS 0 0 0 0 0 0 0 0 0 0 1
9.498 2 ESTIMATOR 0. 0.
9.577 2 NAVIGATION 2 5 0. 0. 0. 0. 0 0
9.580 2 COMMANDS 2700,0,0,75
9.594 2 GPS 0 0 0 0 0 0 0 0 0 0 1
9.599 2 ESTIMATOR 0. 0.
9.677 2 ACTUATORS 0,1500,1503,0,1640,0,0,1500
9.694 2 GPS 0 0 0 0 0 0 0 0 0 0 1
9.698 2 ESTIMATOR 0. 0.
9.700 2 ATTITUDE 0.095989 0. -1.317619
9.797 2 GPS 0 0 0 0 0 0 0 0 0 0 1
9.798 2 ESTIMATOR 0. 0.
9.801 2 WP_MOVED 0 374931. 4223100. 75. 18
9.824 2 COMMANDS 2700,0,0,75
9.831 2 NAVIGATION 2 5 0. 0. 0. 0. 0 0
9.895 2 GPS 0 0 0 0 0 0 0 0 0 0 1
9.898 2 ESTIMATOR 0. 0.
9.927 2 ACTUATORS 0,1500,1503,0,1640,0,0,1500
9.927 2 DOWNLINK_STATUS 10 9494 433 0 930. 43. 5.13
9.997 2 GPS 0 0 0 0 0 0 0 0 0 0 1
9.999 2 ESTIMATOR 0. 0.
10.003 2 BAT 2700 362 1023 0 0 0 2 0 0
10.077 2 COMMANDS 2700,0,0,75
10.081 2 NAVIGATION 2 5 0. 0. 0. 0. 0 0
10.095 2 GPS 0 0 0 0 0 0 0 0 0 0 1
10.098 2 ESTIMATOR 0. 0.
10.177 2 ACTUATORS 0,1500,1503,0,1640,0,0,1500
10.197 2 GPS 0 0 0 0 0 0 0 0 0 0 1
10.199 2 ESTIMATOR 0. 0.
10.200 2 ATTITUDE 0.095989 0. -1.317619
10.205 2 IR_SENSORS 511 -449 -960 62 511
10.297 2 GPS 0 0 0 0 0 0 0 0 0 0 1
10.299 2 ESTIMATOR 0. 0.
10.301 2 WP_MOVED 1 374889. 4223058. 75. 18
10.303 2 DL_VALUE 8 250.
10.327 2 COMMANDS 2700,0,0,75
10.330 2 NAVIGATION 2 5 0. 0. 0. 0. 0 0
10.394 2 GPS 0 0 0 0 0 0 0 0 0 0 1
10.399 2 ESTIMATOR 0. 0.
10.404 2 NAVIGATION 2 5 0. 0. 0. 0. 0 0
10.409 2 DESIRED 0. 0. 0. 0. 0. 50. 0. 18.
10.410 2 GPS_SOL 0 0 0 0
10.418 2 PONG 
10.426 2 ACTUATORS 0,1500,1503,0,1640,0,0,1500
10.497 2 GPS 0 0 0 0 0 0 0 0 0 0 1
10.497 2 ESTIMATOR 0. 0.
10.576 2 COMMANDS 2700,0,0,75
10.580 2 NAVIGATION 2 5 0. 0. 0. 0. 0 0
10.596 2 GPS 0 0 0 0 0 0 0 0 0 0 1
10.598 2 ESTIMATOR 0. 0.
10.678 2 ACTUATORS 0,1500,1503,0,1640,0,0,1500
10.697 2 GPS 0 0 0 0 0 0 0 0 0 0 1
10.699 2 ESTIMATOR 0. 0.
10.702 2 ATTITUDE 0.095989 0. -1.317619
10.796 2 GPS 0 0 0 0 0 0 0 0 0 0 1
10.797 2 ESTIMATOR 0. 0.
10.801 2 WP_MOVED 0 374931. 4223100. 75. 18
10.826 2 COMMANDS 2700,0,0,75
10.830 2 NAVIGATION 2 5 0. 0. 0. 0. 0 0
10.896 2 GPS 0 0 0 0 0 0 0 0 0 0 1
10.898 2 ESTIMATOR 0. 0.
10.927 2 DOWNLINK_STATUS 11 10410 475 0 916. 42. 5.71
10.928 2 ACTUATORS 0,1500,1503,0,1640,0,0,1500
10.996 2 GPS 0 0 0 0 0 0 0 0 0 0 1
10.998 2 ESTIMATOR 0. 0.
11.076 2 COMMANDS 2700,0,0,75
11.080 2 NAVIGATION 2 5 0. 0. 0. 0. 0 0
11.096 2 GPS 0 0 0 0 0 0 0 0 0 0 1
11.098 2 ESTIMATOR 0. 0.
11.102 2 BAT 2700 362 1023 0 0 0 4 0 0
11.104 2 CALIBRATION 0. 0
11.178 2 ACTUATORS 0,1500,1503,0,1640,0,0,1500
11.197 2 GPS 0 0 0 0 0 0 0 0 0 0 1
11.198 2 ESTIMATOR 0. 0.
11.202 2 ATTITUDE 0.095989 0. -1.317619
11.206 2 ENERGY 36.200001 0. 0 0.
11.296 2 GPS 0 0 0 0 0 0 0 0 0 0 1
11.298 2 ESTIMATOR 0. 0.
11.302 2 WP_MOVED 1 374889. 4223058. 75. 18
11.326 2 COMMANDS 2700,0,0,75
11.330 2 NAVIGATION 2 5 0. 0. 0. 0. 0 0
11.376 2 FBW_STATUS 0 48 0 362 0 1
11.396 2 GPS 0 0 0 0 0 0 0 0 0 0 1
11.398 2 ESTIMATOR 0. 0.
11.402 2 NAVIGATION 2 5 0. 0. 0. 0. 0 0
11.407 2 IR_SENSORS 511 -449 -960 62 511
11.428 2 ACTUATORS 0,1500,1503,0,1640,0,0,1500
11.449 2 DESIRED 0. 0. 0. 0. 0. 50. 0. 18.
11.497 2 GPS 0 0 0 0 0 0 0 0 0 0 1
11.499 2 ESTIMATOR 0. 0.
11.576 2 COMMANDS 2700,0,0,75
11.580 2 NAVIGATION 2 5 0. 0. 0. 0. 0 0
11.596 2 GPS 0 0 0 0 0 0 0 0 0 0 1
11.598 2 ESTIMATOR 0. 0.
11.678 2 ACTUATORS 0,1500,1503,0,1640,0,0,1500
11.697 2 GPS 0 0 0 0 0 0 0 0 0 0 1
11.698 2 ESTIMATOR 0. 0.
11.702 2 ATTITUDE 0.095989 0. -1.317619
11.796 2 GPS 0 0 0 0 0 0 0 0 0 0 1
11.798 2 ESTIMATOR 0. 0.
11.802 2 WP_MOVED 0 374931. 4223100. 75. 18
11.804 2 DL_VALUE 9 1.144
11.828 2 NAVIGATION 2 5 0. 0. 0. 0. 0 0
11.830 2 COMMANDS 2700,0,0,75
11.896 2 GPS 0 0 0 0 0 0 0 0 0 0 1
11.898 2 ESTIMATOR 0. 0.
11.928 2 DOWNLINK_STATUS 12 11374 519 0 964. 44. 5.71
11.928 2 ACTUATORS 0,1500,1503,0,1640,0,0,1500
11.996 2 GPS 0 0 0 0 0 0 0 0 0 0 1
11.998 2 ESTIMATOR 0. 0.
12.078 2 NAVIGATION 2 5 0. 0. 0. 0. 0 0
12.080 2 COMMANDS 2700,0,0,75
12.096 2 GPS 0 0 0 0 0 0 0 0 0 0 1
12.098 2 ESTIMATOR 0. 0.
12.179 2 ACTUATORS 0,1500,1503,0,1640,0,0,1500
12.197 2 GPS 0 0 0 0 0 0 0 0 0 0 1
12.199 2 ESTIMATOR 0. 0.
12.202 2 ATTITUDE 0.095989 0. -1.317619
12.206 2 BAT 2700 362 1023 0 0 0 5 0 0
12.297 2 GPS 0 0 0 0 0 0 0 0 0 0 1
12.299 2 ESTIMATOR 0. 0.
12.303 2 WP_MOVED 1 374889. 4223058. 75. 18
12.326 2 COMMANDS 2700,0,0,75
12.331 2 NAVIGATION 2 5 0. 0. 0. 0. 0 0
12.396 2 GPS 0 0 0 0 0 0 0 0 0 0 1
12.399 2 ESTIMATOR 0. 0.
12.403 2 NAVIGATION 2 5 0. 0. 0. 0. 0 0
12.406 2 GPS_SOL 0 0 0 0
12.429 2 ACTUATORS 0,1500,1503,0,1640,0,0,1500
12.497 2 GPS 0 0 0 0 0 0 0 0 0 0 1
12.499 2 ESTIMATOR 0. 0.
12.505 2 DESIRED 0. 0. 0. 0. 0. 50. 0. 18.
12.577 2 COMMANDS 2700,0,0,75
12.581 2 NAVIGATION 2 5 0. 0. 0. 0. 0 0
12.596 2 GPS 0 0 0 0 0 0 0 0 0 0 1
12.598 2 ESTIMATOR 0. 0.
12.603 2 IR_SENSORS 511 -449 -960 62 511
12.679 2 ACTUATORS 0,1500,1503,0,1640,0,0,1500
12.697 2 GPS 0 0 0 0 0 0 0 0 0 0 1
12.699 2 ESTIMATOR 0. 0.
12.703 2 ATTITUDE 0.095989 0. -1.317619
12.797 2 GPS 0 0 0 0 0 0 0 0 0 0 1
12.799 2 ESTIMATOR 0. 0.
12.803 2 WP_MOVED 0 374931. 4223100. 75. 18
12.827 2 COMMANDS 2700,0,0,75
12.831 2 NAVIGATION 2 5 0. 0. 0. 0. 0 0
12.897 2 GPS 0 0 0 0 0 0 0 0 0 0 1
12.898 2 ESTIMATOR 0. 0.
12.928 2 DOWNLINK_STATUS 13 12296 560 0 922. 41. 5.71
12.929 2 ACTUATORS 0,1500,1503,0,1640,0,0,1500
12.997 2 GPS 0 0 0 0 0 0 0 0 0 0 1
12.999 2 ESTIMATOR 0. 0.
13.077 2 COMMANDS 2700,0,0,75
13.081 2 NAVIGATION 2 5 0. 0. 0. 0. 0 0
13.097 2 GPS 0 0 0 0 0 0 0 0 0 0 1
13.099 2 ESTIMATOR 0. 0.
13.179 2 ACTUATORS 0,1500,1503,0,1640,0,0,1500
13.197 2 GPS 0 0 0 0 0 0 0 0 0 0 1
13.199 2 ESTIMATOR 0. 0.
13.203 2 ATTITUDE 0.095989 0. -1.317619
13.205 2 CALIBRATION 0. 0
13.297 2 GPS 0 0 0 0 0 0 0 0 0 0 1
13.299 2 ESTIMATOR 0. 0.
13.303 2 WP_MOVED 1 374889. 4223058. 75. 18
13.307 2 BAT 2700 362 1023 0 0 0 6 0 0
13.309 2 DL_VALUE 10 1.2
13.328 2 COMMANDS 2700,0,0,75
13.331 2 NAVIGATION 2 5 0. 0. 0. 0. 0 0
13.377 2 FBW_STATUS 0 49 0 362 0 2
13.397 2 GPS 0 0 0 0 0 0 0 0 0 0 1
13.399 2 ESTIMATOR 0. 0.
13.403 2 NAVIGATION 2 5 0. 0. 0. 0. 0 0
13.429 2 ACTUATORS 0,1500,1503,0,1640,0,0,1500
13.497 2 GPS 0 0 0 0 0 0 0 0 0 0 1
13.499 2 ESTIMATOR 0. 0.
13.548 2 DESIRED 0. 0. 0. 0. 0. 50. 0. 18.
13.577 2 COMMANDS 2700,0,0,75
13.581 2 NAVIGATION 2 5 0. 0. 0. 0. 0 0
13.598 2 GPS 0 0 0 0 0 0 0 0 0 0 1
13.600 2 ESTIMATOR 0. 0.
13.677 2 ACTUATORS 0,1500,1503,0,1640,0,0,1500
13.698 2 GPS 0 0 0 0 0 0 0 0 0 0 1
13.700 2 ESTIMATOR 0. 0.
13.704 2 ATTITUDE 0.095989 0. -1.317619
13.706 2 ENERGY 36.200001 0. 0 0.
13.797 2 GPS 0 0 0 0 0 0 0 0 0 0 1
13.799 2 ESTIMATOR 0. 0.
13.804 2 WP_MOVED 0 374931. 4223100. 75. 18
13.805 2 IR_SENSORS 511 -449 -960 62 511
13.810 2 ALIVE 112,242,249,43,15,163,65,250,64,163,108,188,197,37,39,241
13.828 2 COMMANDS 2700,0,0,75
13.832 2 NAVIGATION 2 5 0. 0. 0. 0. 0 0
13.897 2 GPS 0 0 0 0 0 0 0 0 0 0 1
13.900 2 ESTIMATOR 0. 0.
13.902 2 PPRZ_MODE 1 0 0 0 0 17
13.927 2 ACTUATORS 0,1500,1503,0,1640,0,0,1500
13.928 2 DOWNLINK_STATUS 14 13318 607 0 1022. 47. 5.71
13.997 2 GPS 0 0 0 0 0 0 0 0 0 0 1
14.000 2 ESTIMATOR 0. 0.
14.078 2 COMMANDS 2700,0,0,75
14.082 2 NAVIGATION 2 5 0. 0. 0. 0. 0 0
14.098 2 GPS 0 0 0 0 0 0 0 0 0 0 1
14.100 2 ESTIMATOR 0. 0.
14.101 2 STATE_FILTER_STATUS 3 1533
14.177 2 ACTUATORS 0,1500,1503,0,1640,0,0,1500
14.198 2 GPS 0 0 0 0 0 0 0 0 0 0 1
14.200 2 ESTIMATOR 0. 0.
14.202 2 ATTITUDE 0.095989 0. -1.317619
14.298 2 GPS 0 0 0 0 0 0 0 0 0 0 1
14.300 2 ESTIMATOR 0. 0.
14.303 2 WP_MOVED 1 374889. 4223058. 75. 18
14.328 2 COMMANDS 2700,0,0,75
14.332 2 NAVIGATION 2 5 0. 0. 0. 0. 0 0
14.398 2 GPS 0 0 0 0 0 0 0 0 0 0 1
14.400 2 ESTIMATOR 0. 0.
14.404 2 NAVIGATION 2 5 0. 0. 0. 0. 0 0
14.408 2 BAT 2700 362 1023 0 0 0 7 0 0
14.412 2 GPS_SOL 0 0 0 0
14.428 2 ACTUATORS 0,1500,1503,0,1640,0,0,1500
14.498 2 GPS 0 0 0 0 0 0 0 0 0 0 1
14.500 2 ESTIMATOR 0. 0.
14.501 2 DOWNLINK 0 937 757
14.578 2 COMMANDS 2700,0,0,75
14.582 2 NAVIGATION 2 5 0. 0. 0. 0. 0 0
14.598 2 GPS 0 0 0 0 0 0 0 0 0 0 1
14.600 2 ESTIMATOR 0. 0.
14.607 2 DESIRED 0. 0. 0. 0. 0. 50. 0. 18.
14.678 2 ACTUATORS 0,1500,1503,0,1640,0,0,1500
14.698 2 GPS 0 0 0 0 0 0 0 0 0 0 1
14.700 2 ESTIMATOR 0. 0.
14.702 2 ATTITUDE 0.095989 0. -1.317619
14.797 2 GPS 0 0 0 0 0 0 0 0 0 0 1
14.800 2 ESTIMATOR 0. 0.
14.804 2 WP_MOVED 0 374931. 4223100. 75. 18
14.806 2 DL_VALUE 11 1.31
14.828 2 COMMANDS 2700,0,0,75
14.832 2 NAVIGATION 2 5 0. 0. 0. 0. 0 0
14.897 2 GPS 0 0 0 0 0 0 0 0 0 0 1
14.899 2 ESTIMATOR 0. 0.
14.930 2 DOWNLINK_STATUS 15 14232 649 0 914. 42. 5.71
14.930 2 ACTUATORS 0,1500,1503,0,1640,0,0,1500
14.998 2 GPS 0 0 0 0 0 0 0 0 0 0 1
15.000 2 ESTIMATOR 0. 0.
15.002 2 IR_SENSORS 511 -449 -960 62 511
15.080 2 NAVIGATION 2 5 0. 0. 0. 0. 0 0
15.082 2 COMMANDS 2700,0,0,75
15.098 2 GPS 0 0 0 0 0 0 0 0 0 0 1
15.099 2 ESTIMATOR 0. 0.
15.179 2 ACTUATORS 0,1500,1503,0,1640,0,0,1500
15.198 2 GPS 0 0 0 0 0 0 0 0 0 0 1
15.200 2 ESTIMATOR 0. 0.
15.205 2 ATTITUDE 0.095989 0. -1.317619
15.298 2 GPS 0 0 0 0 0 0 0 0 0 0 1
15.300 2 ESTIMATOR 0. 0.
15.304 2 WP_MOVED 1 374889. 4223058. 75. 18
15.306 2 CALIBRATION 0. 0
15.328 2 COMMANDS 2700,0,0,75
15.332 2 NAVIGATION 2 5 0. 0. 0. 0. 0 0
15.378 2 FBW_STATUS 0 49 0 362 0 2
15.398 2 GPS 0 0 0 0 0 0 0 0 0 0 1
15.400 2 ESTIMATOR 0. 0.
15.404 2 NAVIGATION 2 5 0. 0. 0. 0. 0 0
15.420 2 PONG 
15.430 2 ACTUATORS 0,1500,1503,0,1640,0,0,1500
15.498 2 GPS 0 0 0 0 0 0 0 0 0 0 1
15.500 2 ESTIMATOR 0. 0.
15.504 2 BAT 2700 362 1023 0 0 0 8 0 0
15.578 2 COMMANDS 2700,0,0,75
15.582 2 NAVIGATION 2 5 0. 0. 0. 0. 0 0
15.598 2 GPS 0 0 0 0 0 0 0 0 0 0 1
15.600 2 ESTIMATOR 0. 0.
15.648 2 DESIRED 0. 0. 0. 0. 0. 50. 0. 18.
15.680 2 ACTUATORS 0,1500,1503,0,1640,0,0,1500
15.699 2 GPS 0 0 0 0 0 0 0 0 0 0 1
15.701 2 ESTIMATOR 0. 0.
15.704 2 ATTITUDE 0.095989 0. -1.317619
15.798 2 GPS 0 0 0 0 0 0 0 0 0 0 1
15.800 2 ESTIMATOR 0. 0.
15.804 2 WP_MOVED 0 374931. 4223100. 75. 18
15.829 2 COMMANDS 2700,0,0,75
15.833 2 NAVIGATION 2 5 0. 0. 0. 0. 0 0
15.898 2 GPS 0 0 0 0 0 0 0 0 0 0 1
15.900 2 ESTIMATOR 0. 0.
15.928 2 ACTUATORS 0,1500,1503,0,1640,0,0,1500
15.931 2 DOWNLINK_STATUS 16 15194 693 0 962. 44. 5.73
15.998 2 GPS 0 0 0 0 0 0 0 0 0 0 1
16.000 2 ESTIMATOR 0. 0.
16.079 2 COMMANDS 2700,0,0,75
16.083 2 NAVIGATION 2 5 0. 0. 0. 0. 0 0
16.098 2 GPS 0 0 0 0 0 0 0 0 0 0 1
16.100 2 ESTIMATOR 0. 0.
16.178 2 ACTUATORS 0,1500,1503,0,1640,0,0,1500
16.198 2 GPS 0 0 0 0 0 0 0 0 0 0 1
16.200 2 ESTIMATOR 0. 0.
16.205 2 ATTITUDE 0.095989 0. -1.317619
16.207 2 IR_SENSORS 511 -449 -960 62 511
16.211 2 ENERGY 36.200001 0. 0 0.
16.299 2 GPS 0 0 0 0 0 0 0 0 0 0 1
16.301 2 ESTIMATOR 0. 0.
16.305 2 WP_MOVED 1 374889. 4223058. 75. 18
16.307 2 DL_VALUE 12 0.785
16.329 2 COMMANDS 2700,0,0,75
16.333 2 NAVIGATION 2 5 0. 0. 0. 0. 0 0
16.398 2 GPS 0 0 0 0 0 0 0 0 0 0 1
16.401 2 ESTIMATOR 0. 0.
16.405 2 NAVIGATION 2 5 0. 0. 0. 0. 0 0
16.409 2 GPS_SOL 0 0 0 0
16.429 2 ACTUATORS 0,1500,1503,0,1640,0,0,1500
16.498 2 GPS 0 0 0 0 0 0 0 0 0 0 1
16.500 2 ESTIMATOR 0. 0.
16.580 2 NAVIGATION 2 5 0. 0. 0. 0. 0 0
16.582 2 COMMANDS 2700,0,0,75
16.598 2 GPS 0 0 0 0 0 0 0 0 0 0 1
16.600 2 ESTIMATOR 0. 0.
16.604 2 BAT 2700 362 1023 0 0 0 9 0 0
16.680 2 ACTUATORS 0,1500,1503,0,1640,0,0,1500
16.699 2 GPS 0 0 0 0 0 0 0 0 0 0 1
16.701 2 ESTIMATOR 0. 0.
16.705 2 ATTITUDE 0.095989 0. -1.317619
16.710 2 DESIRED 0. 0. 0. 0. 0. 50. 0. 18.
16.799 2 GPS 0 0 0 0 0 0 0 0 0 0 1
16.801 2 ESTIMATOR 0. 0.
16.804 2 WP_MOVED 0 374931. 4223100. 75. 18
16.828 2 COMMANDS 2700,0,0,75
16.832 2 NAVIGATION 2 5 0. 0. 0. 0. 0 0
16.899 2 GPS 0 0 0 0 0 0 0 0 0 0 1
16.901 2 ESTIMATOR 0. 0.
16.931 2 ACTUATORS 0,1500,1503,0,1640,0,0,1500
16.931 2 DOWNLINK_STATUS 17 16147 736 0 953. 43. 5.73
16.999 2 GPS 0 0 0 0 0 0 0 0 0 0 1
17.001 2 ESTIMATOR 0. 0.
17.081 2 NAVIGATION 3 0 0. 0. 0. 0. 0 0
17.082 2 COMMANDS 2700,0,0,75
17.099 2 GPS 0 0 0 0 0 0 0 0 0 0 1
17.101 2 ESTIMATOR 0. 0.
17.181 2 ACTUATORS 0,1500,1503,0,1640,0,0,1500
17.198 2 GPS 0 0 0 0 0 0 0 0 0 0 1
17.201 2 ESTIMATOR 0. 0.
17.204 2 ATTITUDE 0.095989 0. -1.317619
17.298 2 GPS 0 0 0 0 0 0 0 0 0 0 1
17.301 2 ESTIMATOR 0. 0.
17.305 2 WP_MOVED 1 374889. 4223058. 75. 18
17.307 2 NAVIGATION_REF 374889 4223058 18
17.328 2 COMMANDS 2700,0,0,75
17.333 2 NAVIGATION 3 1 0. 0. 0. 0. 0 0
17.379 2 FBW_STATUS 0 49 0 362 0 1
17.398 2 GPS 0 0 0 0 0 0 0 0 0 0 1
17.401 2 ESTIMATOR 0. 0.
17.405 2 NAVIGATION 3 1 0. 0. 0. 0. 0 0
17.409 2 IR_SENSORS 511 -449 -960 62 511
17.411 2 CALIBRATION 0. 0
17.431 2 ACTUATORS 0,1500,1503,0,1640,0,0,1500
17.499 2 GPS 0 0 0 0 0 0 0 0 0 0 1
17.501 2 ESTIMATOR 0. 0.
17.579 2 COMMANDS 2700,0,0,75
17.583 2 NAVIGATION 3 2 0. 0. 0. 0. 0 0
17.599 2 GPS 0 0 0 0 0 0 0 0 0 0 1
17.601 2 ESTIMATOR 0. 0.
17.681 2 ACTUATORS 0,1500,1503,0,1640,0,0,1500
17.701 2 GPS 0 0 0 0 0 0 0 0 0 0 1
17.701 2 ESTIMATOR 0. 0.
17.705 2 ATTITUDE 0.095989 0. -1.317619
17.709 2 BAT 2700 362 1023 0 0 0 0 0 0
17.749 2 DESIRED 0. 0. 0. 0. 0. 50. 0. 18.
17.799 2 GPS 0 0 0 0 0 0 0 0 0 0 1
17.801 2 ESTIMATOR 0. 0.
17.805 2 WP_MOVED 0 374931. 4223100. 75. 18
17.808 2 DL_VALUE 13 0.142
17.829 2 COMMANDS 2700,0,0,75
17.833 2 NAVIGATION 3 3 0. 0. 0. 0. 0 0
17.899 2 GPS 0 0 0 0 0 0 0 0 0 0 1
17.901 2 ESTIMATOR 0. 0.
17.932 2 ACTUATORS 0,1500,1503,0,1640,0,0,1500
17.932 2 DOWNLINK_STATUS 18 17106 780 0 959. 44. 5.73
17.999 2 GPS 0 0 0 0 0 0 0 0 0 0 1
18.001 2 ESTIMATOR 0. 0.
18.079 2 COMMANDS 2700,0,0,75
18.083 2 NAVIGATION 3 4 0. 0. 0. 0. 0 0
18.099 2 GPS 0 0 0 0 0 0 0 0 0 0 1
18.101 2 ESTIMATOR 0. 0.
18.181 2 ACTUATORS 0,1500,1503,0,1640,0,0,1500
18.199 2 GPS 0 0 0 0 0 0 0 0 0 0 1
18.201 2 ESTIMATOR 0. 0.
18.204 2 ATTITUDE 0.095989 0. -1.317619
18.299 2 GPS 0 0 0 0 0 0 0 0 0 0 1
18.301 2 ESTIMATOR 0. 0.
18.305 2 WP_MOVED 1 374889. 4223058. 75. 18
18.329 2 COMMANDS 2700,0,0,75
18.333 2 NAVIGATION 3 5 0. 0. 0. 0. 0 0
18.399 2 GPS 0 0 0 0 0 0 0 0 0 0 1
18.401 2 ESTIMATOR 0. 0.
18.405 2 NAVIGATION 3 5 0. 0. 0. 0. 0 0
18.409 2 GPS_SOL 0 0 0 0
18.431 2 ACTUATORS 0,1500,1503,0,1640,0,0,1500
18.499 2 GPS 0 0 0 0 0 0 0 0 0 0 1
18.502 2 ESTIMATOR 0. 0.
18.579 2 COMMANDS 2700,0,0,75
18.583 2 NAVIGATION 3 5 0. 0. 0. 0. 0 0
18.599 2 GPS 0 0 0 0 0 0 0 0 0 0 1
18.601 2 ESTIMATOR 0. 0.
18.605 2 IR_SENSORS 511 -449 -960 62 511
18.681 2 ACTUATORS 0,1500,1503,0,1640,0,0,1500
18.699 2 GPS 0 0 0 0 0 0 0 0 0 0 1
18.701 2 ESTIMATOR 0. 0.
18.705 2 ATTITUDE 0.095989 0. -1.317619
18.708 2 ENERGY 36.200001 0. 0 0.
18.800 2 GPS 0 0 0 0 0 0 0 0 0 0 1
18.801 2 ESTIMATOR 0. 0.
18.805 2 WP_MOVED 0 374931. 4223100. 75. 18
18.811 2 DESIRED 0. 0. 0. 0. 0. 50. 0. 18.
18.815 2 BAT 2700 362 1023 0 0 0 1 0 0
18.829 2 COMMANDS 2700,0,0,75
18.833 2 NAVIGATION 3 5 0. 0. 0. 0. 0 0
18.899 2 GPS 0 0 0 0 0 0 0 0 0 0 1
18.901 2 ESTIMATOR 0. 0.
18.903 2 PPRZ_MODE 1 0 0 0 0 17
18.931 2 ACTUATORS 0,1500,1503,0,1640,0,0,1500
18.933 2 DOWNLINK_STATUS 19 18060 823 0 954. 43. 5.73
19.000 2 GPS 0 0 0 0 0 0 0 0 0 0 1
19.002 2 ESTIMATOR 0. 0.
19.079 2 COMMANDS 2700,0,0,75
19.083 2 NAVIGATION 3 5 0. 0. 0. 0. 0 0
19.099 2 GPS 0 0 0 0 0 0 0 0 0 0 1
19.101 2 ESTIMATOR 0. 0.
19.103 2 STATE_FILTER_STATUS 3 1533
19.181 2 ACTUATORS 0,1500,1503,0,1640,0,0,1500
19.200 2 GPS 0 0 0 0 0 0 0 0 0 0 1
19.202 2 ESTIMATOR 0. 0.
19.205 2 ATTITUDE 0.095989 0. -1.317619
19.300 2 GPS 0 0 0 0 0 0 0 0 0 0 1
19.302 2 ESTIMATOR 0. 0.
19.306 2 WP_MOVED 1 374889. 4223058. 75. 18
19.308 2 DL_VALUE 14 0.4
19.330 2 COMMANDS 2700,0,0,75
19.334 2 NAVIGATION 3 5 0. 0. 0. 0. 0 0
19.380 2 FBW_STATUS 0 49 0 362 0 1
19.400 2 GPS 0 0 0 0 0 0 0 0 0 0 1
19.402 2 ESTIMATOR 0. 0.
19.406 2 NAVIGATION 3 5 0. 0. 0. 0. 0 0
19.431 2 ACTUATORS 0,1500,1503,0,1640,0,0,1500
19.500 2 GPS 0 0 0 0 0 0 0 0 0 0 1
19.502 2 ESTIMATOR 0. 0.
19.504 2 CALIBRATION 0. 0
19.580 2 COMMANDS 2700,0,0,75
19.584 2 NAVIGATION 3 5 0. 0. 0. 0. 0 0
19.600 2 GPS 0 0 0 0 0 0 0 0 0 0 1
19.602 2 ESTIMATOR 0. 0.
19.604 2 DOWNLINK 1 946 978
19.681 2 ACTUATORS 0,1500,1503,0,1640,0,0,1500
19.700 2 GPS 0 0 0 0 0 0 0 0 0 0 1
19.702 2 ESTIMATOR 0. 0.
19.706 2 ATTITUDE 0.095989 0. -1.317619
19.800 2 GPS 0 0 0 0 0 0 0 0 0 0 1
19.802 2 ESTIMATOR 0. 0.
19.806 2 WP_MOVED 0 374931. 4223100. 75. 18
19.808 2 IR_SENSORS 511 -449 -960 62 511
19.830 2 COMMANDS 2700,0,0,75
19.834 2 NAVIGATION 3 5 0. 0. 0. 0. 0 0
19.850 2 DESIRED 0. 0. 0. 0. 0. 50. 0. 18.
19.900 2 GPS 0 0 0 0 0 0 0 0 0 0 1
19.902 2 ESTIMATOR 0. 0.
19.906 2 BAT 2700 362 1023 0 0 0 2 0 0
19.932 2 ACTUATORS 0,1500,1503,0,1640,0,0,1500
19.934 2 DOWNLINK_STATUS 20 19024 868 0 964. 45. 5.73
20.000 2 GPS 0 0 0 0 0 0 0 0 0 0 1
20.002 2 ESTIMATOR 0. 0.
20.080 2 COMMANDS 2700,0,0,75
20.084 2 NAVIGATION 3 5 0. 0. 0. 0. 0 0
20.100 2 GPS 0 0 0 0 0 0 0 0 0 0 1
20.102 2 ESTIMATOR 0. 0.
20.182 2 ACTUATORS 0,1500,1503,0,1640,0,0,1500
20.200 2 GPS 0 0 0 0 0 0 0 0 0 0 1
20.202 2 ESTIMATOR 0. 0.
20.206 2 ATTITUDE 0.095989 0. -1.317619
20.300 2 GPS 0 0 0 0 0 0 0 0 0 0 1
20.302 2 ESTIMATOR 0. 0.
20.306 2 WP_MOVED 1 374889. 4223058. 75. 18
20.330 2 COMMANDS 2700,0,0,75
20.334 2 NAVIGATION 3 5 0. 0. 0. 0. 0 0
20.400 2 GPS 0 0 0 0 0 0 0 0 0 0 1
20.402 2 ESTIMATOR 0. 0.
20.406 2 NAVIGATION 3 5 0. 0. 0. 0. 0 0
20.410 2 GPS_SOL 0 0 0 0
20.420 2 PONG 
20.430 2 ACTUATORS 0,1500,1503,0,1640,0,0,1500
20.500 2 GPS 0 0 0 0 0 0 0 0 0 0 1
20.502 2 ESTIMATOR 0. 0.
20.580 2 COMMANDS 2700,0,0,75
20.584 2 NAVIGATION 3 5 0. 0. 0. 0. 0 0
20.600 2 GPS 0 0 0 0 0 0 0 0 0 0 1
20.602 2 ESTIMATOR 0. 0.
20.680 2 ACTUATORS 0,1500,1503,0,1640,0,0,1500
20.700 2 GPS 0 0 0 0 0 0 0 0 0 0 1
20.702 2 ESTIMATOR 0. 0.
20.706 2 ATTITUDE 0.095989 0. -1.317619
20.801 2 GPS 0 0 0 0 0 0 0 0 0 0 1
20.803 2 ESTIMATOR 0. 0.
20.807 2 WP_MOVED 0 374931. 4223100. 75. 18
20.809 2 DL_VALUE 15 0.008
20.831 2 COMMANDS 2700,0,0,75
20.834 2 NAVIGATION 3 5 0. 0. 0. 0. 0 0
20.901 2 GPS 0 0 0 0 0 0 0 0 0 0 1
20.903 2 ESTIMATOR 0. 0.
20.909 2 DESIRED 0. 0. 0. 0. 0. 50. 0. 18.
20.931 2 ACTUATORS 0,1500,1503,0,1640,0,0,1500
20.934 2 DOWNLINK_STATUS 21 19924 909 0 900. 41. 5.07
21.000 2 GPS 0 0 0 0 0 0 0 0 0 0 1
21.003 2 ESTIMATOR 0. 0.
21.007 2 BAT 2700 362 1023 0 0 0 3 0 0
21.009 2 IR_SENSORS 511 -449 -960 62 511
21.080 2 COMMANDS 2700,0,0,75
21.084 2 NAVIGATION 3 5 0. 0. 0. 0. 0 0
21.101 2 GPS 0 0 0 0 0 0 0 0 0 0 1
21.103 2 ESTIMATOR 0. 0.
21.181 2 ACTUATORS 0,1500,1503,0,1640,0,0,1500
21.201 2 GPS 0 0 0 0 0 0 0 0 0 0 1
21.202 2 ESTIMATOR 0. 0.
21.205 2 ATTITUDE 0.095989 0. -1.317619
21.208 2 ENERGY 36.200001 0. 0 0.
21.300 2 GPS 0 0 0 0 0 0 0 0 0 0 1
21.302 2 ESTIMATOR 0. 0.
21.306 2 WP_MOVED 1 374889. 4223058. 75. 18
21.332 2 NAVIGATION 3 5 0. 0. 0. 0. 0 0
21.334 2 COMMANDS 2700,0,0,75
21.381 2 FBW_STATUS 0 49 0 362 0 1
21.401 2 GPS 0 0 0 0 0 0 0 0 0 0 1
21.403 2 ESTIMATOR 0. 0.
21.407 2 NAVIGATION 3 5 0. 0. 0. 0. 0 0
21.431 2 ACTUATORS 0,1500,1503,0,1640,0,0,1500
21.501 2 GPS 0 0 0 0 0 0 0 0 0 0 1
21.503 2 ESTIMATOR 0. 0.
21.581 2 COMMANDS 2700,0,0,75
21.585 2 NAVIGATION 3 5 0. 0. 0. 0. 0 0
21.601 2 GPS 0 0 0 0 0 0 0 0 0 0 1
21.603 2 ESTIMATOR 0. 0.
21.604 2 CALIBRATION 0. 0
21.681 2 ACTUATORS 0,1500,1503,0,1640,0,0,1500
21.702 2 GPS 0 0 0 0 0 0 0 0 0 0 1
21.703 2 ESTIMATOR 0. 0.
21.705 2 ATTITUDE 0.095989 0. -1.317619
21.801 2 GPS 0 0 0 0 0 0 0 0 0 0 1
21.803 2 ESTIMATOR 0. 0.
21.805 2 WP_MOVED 0 374931. 4223100. 75. 18
21.831 2 COMMANDS 2700,0,0,75
21.835 2 NAVIGATION 3 5 0. 0. 0. 0. 0 0
21.901 2 GPS 0 0 0 0 0 0 0 0 0 0 1
21.903 2 ESTIMATOR 0. 0.
21.932 2 ACTUATORS 0,1500,1503,0,1640,0,0,1500
21.935 2 DOWNLINK_STATUS 22 20839 951 0 915. 42. 5.07
21.951 2 DESIRED 0. 0. 0. 0. 0. 50. 0. 18.
22.001 2 GPS 0 0 0 0 0 0 0 0 0 0 1
22.003 2 ESTIMATOR 0. 0.
22.081 2 COMMANDS 2700,0,0,75
22.085 2 NAVIGATION 3 5 0. 0. 0. 0. 0 0
22.101 2 GPS 0 0 0 0 0 0 0 0 0 0 1
22.103 2 ESTIMATOR 0. 0.
22.106 2 BAT 2700 362 1023 0 0 0 5 0 0
22.182 2 ACTUATORS 0,1500,1503,0,1640,0,0,1500
22.203 2 GPS 0 0 0 0 0 0 0 0 0 0 1
22.203 2 ESTIMATOR 0. 0.
22.206 2 ATTITUDE 0.095989 0. -1.317619
22.209 2 IR_SENSORS 511 -448 -959 63 511
22.301 2 GPS 0 0 0 0 0 0 0 0 0 0 1
22.303 2 ESTIMATOR 0. 0.
22.307 2 WP_MOVED 1 374889. 4223058. 75. 18
22.309 2 DL_VALUE 16 0.25
22.331 2 COMMANDS 2700,0,0,75
22.335 2 NAVIGATION 3 5 0. 0. 0. 0. 0 0
22.401 2 GPS 0 0 0 0 0 0 0 0 0 0 1
22.403 2 ESTIMATOR 0. 0.
22.407 2 NAVIGATION 3 5 0. 0. 0. 0. 0 0
22.411 2 GPS_SOL 0 0 0 0
22.431 2 ACTUATORS 0,1500,1503,0,1640,0,0,1500
22.501 2 GPS 0 0 0 0 0 0 0 0 0 0 1
22.503 2 ESTIMATOR 0. 0.
22.581 2 COMMANDS 2700,0,0,75
22.585 2 NAVIGATION 3 5 0. 0. 0. 0. 0 0
22.601 2 GPS 0 0 0 0 0 0 0 0 0 0 1
22.603 2 ESTIMATOR 0. 0.
22.681 2 ACTUATORS 0,1500,1503,0,1640,0,0,1500
22.701 2 GPS 0 0 0 0 0 0 0 0 0 0 1
22.704 2 ESTIMATOR 0. 0.
22.707 2 ATTITUDE 0.095989 0. -1.317619
22.801 2 GPS 0 0 0 0 0 0 0 0 0 0 1
22.803 2 ESTIMATOR 0. 0.
22.807 2 WP_MOVED 0 374931. 4223100. 75. 18
22.831 2 COMMANDS 2700,0,0,75
22.835 2 NAVIGATION 3 5 0. 0. 0. 0. 0 0
22.901 2 GPS 0 0 0 0 0 0 0 0 0 0 1
22.903 2 ESTIMATOR 0. 0.
22.933 2 ACTUATORS 0,1500,1503,0,1640,0,0,1500
22.936 2 DOWNLINK_STATUS 23 21772 993 0 933. 42. 5.07
23.001 2 GPS 0 0 0 0 0 0 0 0 0 0 1
23.003 2 ESTIMATOR 0. 0.
23.009 2 DESIRED 0. 0. 0. 0. 0. 50. 0. 18.
23.081 2 COMMANDS 2700,0,0,75
23.085 2 NAVIGATION 3 5 0. 0. 0. 0. 0 0
23.101 2 GPS 0 0 0 0 0 0 0 0 0 0 1
23.103 2 ESTIMATOR 0. 0.
23.184 2 ACTUATORS 0,1500,1503,0,1640,0,0,1500
23.204 2 GPS 0 0 0 0 0 0 0 0 0 0 1
23.204 2 ESTIMATOR 0. 0.
23.205 2 ATTITUDE 0.095989 0. -1.317619
23.210 2 BAT 2700 362 1023 0 0 0 6 0 0
23.301 2 GPS 0 0 0 0 0 0 0 0 0 0 1
23.303 2 ESTIMATOR 0. 0.
23.307 2 WP_MOVED 1 374889. 4223058. 75. 18
23.333 2 NAVIGATION 3 5 0. 0. 0. 0. 0 0
23.335 2 COMMANDS 2700,0,0,75
23.381 2 FBW_STATUS 0 49 0 362 0 2
23.401 2 GPS 0 0 0 0 0 0 0 0 0 0 1
23.403 2 ESTIMATOR 0. 0.
23.407 2 NAVIGATION 3 5 0. 0. 0. 0. 0 0
23.411 2 IR_SENSORS 511 -449 -960 62 511
23.432 2 ACTUATORS 0,1500,1503,0,1640,0,0,1500
23.502 2 GPS 0 0 0 0 0 0 0 0 0 0 1
23.504 2 ESTIMATOR 0. 0.
23.582 2 COMMANDS 2700,0,0,75
23.586 2 NAVIGATION 3 5 0. 0. 0. 0. 0 0
23.602 2 GPS 0 0 0 0 0 0 0 0 0 0 1
23.604 2 ESTIMATOR 0. 0.
23.682 2 ACTUATORS 0,1500,1503,0,1640,0,0,1500
23.701 2 GPS 0 0 0 0 0 0 0 0 0 0 1
23.704 2 ESTIMATOR 0. 0.
23.705 2 ATTITUDE 0.095989 0. -1.317619
23.707 2 CALIBRATION 0. 0
23.712 2 ENERGY 36.200001 0. 0 0.
23.802 2 GPS 0 0 0 0 0 0 0 0 0 0 1
23.804 2 ESTIMATOR 0. 0.
23.808 2 WP_MOVED 0 374931. 4223100. 75. 18
23.808 2 DL_VALUE 17 0.
23.812 2 ALIVE 112,242,249,43,15,163,65,250,64,163,108,188,197,37,39,241
23.832 2 COMMANDS 2700,0,0,75
23.835 2 NAVIGATION 3 5 0. 0. 0. 0. 0 0
23.902 2 GPS 0 0 0 0 0 0 0 0 0 0 1
23.904 2 ESTIMATOR 0. 0.
23.906 2 PPRZ_MODE 1 0 0 0 0 17
23.932 2 ACTUATORS 0,1500,1503,0,1640,0,0,1500
23.938 2 DOWNLINK_STATUS 24 22771 1039 0 999. 46. 5.07
24.002 2 GPS 0 0 0 0 0 0 0 0 0 0 1
24.004 2 ESTIMATOR 0. 0.
24.052 2 DESIRED 0. 0. 0. 0. 0. 50. 0. 18.
24.083 2 COMMANDS 2700,0,0,75
24.086 2 NAVIGATION 3 5 0. 0. 0. 0. 0 0
24.102 2 GPS 0 0 0 0 0 0 0 0 0 0 1
24.104 2 ESTIMATOR 0. 0.
24.106 2 STATE_FILTER_STATUS 3 1533
24.182 2 ACTUATORS 0,1500,1503,0,1640,0,0,1500
24.202 2 GPS 0 0 0 0 0 0 0 0 0 0 1
24.207 2 ESTIMATOR 0. 0.
24.207 2 ATTITUDE 0.095989 0. -1.317619
24.302 2 GPS 0 0 0 0 0 0 0 0 0 0 1
24.304 2 ESTIMATOR 0. 0.
24.308 2 WP_MOVED 1 374889. 4223058. 75. 18
24.310 2 BAT 2700 362 1023 0 0 0 7 0 0
24.332 2 COMMANDS 2700,0,0,75
24.336 2 NAVIGATION 3 5 0. 0. 0. 0. 0 0
24.402 2 GPS 0 0 0 0 0 0 0 0 0 0 1
24.404 2 ESTIMATOR 0. 0.
24.408 2 NAVIGATION 3 5 0. 0. 0. 0. 0 0
24.410 2 GPS_SOL 0 0 0 0
24.432 2 ACTUATORS 0,1500,1503,0,1640,0,0,1500
24.502 2 GPS 0 0 0 0 0 0 0 0 0 0 1
24.504 2 ESTIMATOR 0. 0.
24.583 2 COMMANDS 2700,0,0,75
24.587 2 NAVIGATION 3 5 0. 0. 0. 0. 0 0
24.602 2 GPS 0 0 0 0 0 0 0 0 0 0 1
24.604 2 ESTIMATOR 0. 0.
24.606 2 IR_SENSORS 511 -449 -960 62 511
24.683 2 ACTUATORS 0,1500,1503,0,1640,0,0,1500
24.701 2 GPS 0 0 0 0 0 0 0 0 0 0 1
24.705 2 ESTIMATOR 0. 0.
24.706 2 ATTITUDE 0.095989 0. -1.317619
24.708 2 DOWNLINK 1 951 1199
24.800 2 GPS 0 0 0 0 0 0 0 0 0 0 1
24.805 2 ESTIMATOR 0. 0.
24.807 2 WP_MOVED 0 374931. 4223100. 75. 18
24.833 2 COMMANDS 2700,0,0,75
24.837 2 NAVIGATION 3 5 0. 0. 0. 0. 0 0
24.902 2 GPS 0 0 0 0 0 0 0 0 0 0 1
24.904 2 ESTIMATOR 0. 0.
24.933 2 ACTUATORS 0,1500,1503,0,1640,0,0,1500
24.939 2 DOWNLINK_STATUS 25 23713 1082 0 942. 43. 5.07
25.002 2 GPS 0 0 0 0 0 0 0 0 0 0 1
25.004 2 ESTIMATOR 0. 0.
25.083 2 COMMANDS 2700,0,0,75
25.087 2 NAVIGATION 3 5 0. 0. 0. 0. 0 0
25.100 2 GPS 0 0 0 0 0 0 0 0 0 0 1
25.104 2 ESTIMATOR 0. 0.
25.111 2 DESIRED 0. 0. 0. 0. 0. 50. 0. 18.
25.183 2 ACTUATORS 0,1500,1503,0,1640,0,0,1500
25.203 2 GPS 0 0 0 0 0 0 0 0 0 0 1
25.206 2 ESTIMATOR 0. 0.
25.206 2 ATTITUDE 0.095989 0. -1.317619
25.300 2 GPS 0 0 0 0 0 0 0 0 0 0 1
25.304 2 ESTIMATOR 0. 0.
25.306 2 WP_MOVED 1 374889. 4223058. 75. 18
25.311 2 DL_VALUE 18 0.15
25.333 2 NAVIGATION 3 5 0. 0. 0. 0. 0 0
25.337 2 COMMANDS 2700,0,0,75
25.382 2 FBW_STATUS 0 48 0 362 0 1
25.401 2 GPS 0 0 0 0 0 0 0 0 0 0 1
25.405 2 ESTIMATOR 0. 0.
25.409 2 NAVIGATION 3 5 0. 0. 0. 0. 0 0
25.413 2 BAT 2700 362 1023 0 0 0 8 0 0
25.421 2 PONG 
25.433 2 ACTUATORS 0,1500,1503,0,1640,0,0,1500
25.501 2 GPS 0 0 0 0 0 0 0 0 0 0 1
25.505 2 ESTIMATOR 0. 0.
25.581 2 COMMANDS 2700,0,0,75
25.587 2 NAVIGATION 3 5 0. 0. 0. 0. 0 0
25.601 2 GPS 0 0 0 0 0 0 0 0 0 0 1
25.605 2 ESTIMATOR 0. 0.
25.683 2 ACTUATORS 0,1500,1503,0,1640,0,0,1500
25.701 2 GPS 0 0 0 0 0 0 0 0 0 0 1
25.707 2 ESTIMATOR 0. 0.
25.707 2 ATTITUDE 0.095989 0. -1.317619
25.801 2 GPS 0 0 0 0 0 0 0 0 0 0 1
25.805 2 ESTIMATOR 0. 0.
25.807 2 WP_MOVED 0 374931. 4223100. 75. 18
25.811 2 IR_SENSORS 511 -449 -960 62 511
25.812 2 CALIBRATION 0. 0
25.831 2 COMMANDS 2700,0,0,75
25.837 2 NAVIGATION 3 5 0. 0. 0. 0. 0 0
25.902 2 GPS 0 0 0 0 0 0 0 0 0 0 1
25.905 2 ESTIMATOR 0. 0.
25.933 2 ACTUATORS 0,1500,1503,0,1640,0,0,1500
25.940 2 DOWNLINK_STATUS 26 24663 1126 0 950. 44. 6.16
26.003 2 GPS 0 0 0 0 0 0 0 0 0 0 1
26.006 2 ESTIMATOR 0. 0.
26.085 2 NAVIGATION 3 5 0. 0. 0. 0. 0 0
26.087 2 COMMANDS 2700,0,0,75
26.103 2 GPS 0 0 0 0 0 0 0 0 0 0 1
26.105 2 ESTIMATOR 0. 0.
26.153 2 DESIRED 0. 0. 0. 0. 0. 50. 0. 18.
26.183 2 ACTUATORS 0,1500,1503,0,1640,0,0,1500
26.201 2 GPS 0 0 0 0 0 0 0 0 0 0 1
26.207 2 ESTIMATOR 0. 0.
26.207 2 ATTITUDE 0.095989 0. -1.317619
26.211 2 ENERGY 36.200001 0. 0 0.
26.301 2 GPS 0 0 0 0 0 0 0 0 0 0 1
26.305 2 ESTIMATOR 0. 0.
26.307 2 WP_MOVED 1 374889. 4223058. 75. 18
26.311 2 NAVIGATION_REF 374889 4223058 18
26.335 2 NAVIGATION 3 5 0. 0. 0. 0. 0 0
26.337 2 COMMANDS 2700,0,0,75
26.403 2 GPS 0 0 0 0 0 0 0 0 0 0 1
26.405 2 ESTIMATOR 0. 0.
26.409 2 NAVIGATION 3 5 0. 0. 0. 0. 0 0
26.413 2 GPS_SOL 0 0 0 0
26.433 2 ACTUATORS 0,1500,1503,0,1640,0,0,1500
26.503 2 GPS 0 0 0 0 0 0 0 0 0 0 1
26.505 2 ESTIMATOR 0. 0.
26.509 2 BAT 2700 362 1023 0 0 0 9 0 0
26.583 2 COMMANDS 2700,0,0,75
26.587 2 NAVIGATION 3 5 0. 0. 0. 0. 0 0
26.601 2 GPS 0 0 0 0 0 0 0 0 0 0 1
26.605 2 ESTIMATOR 0. 0.
26.683 2 ACTUATORS 0,1500,1503,0,1640,0,0,1500
26.703 2 GPS 0 0 0 0 0 0 0 0 0 0 1
26.708 2 ESTIMATOR 0. 0.
26.709 2 ATTITUDE 0.095989 0. -1.317619
26.803 2 GPS 0 0 0 0 0 0 0 0 0 0 1
26.805 2 ESTIMATOR 0. 0.
26.809 2 WP_MOVED 0 374931. 4223100. 75. 18
26.809 2 DL_VALUE 19 0.14
26.833 2 COMMANDS 2700,0,0,75
26.837 2 NAVIGATION 3 5 0. 0. 0. 0. 0 0
26.904 2 GPS 0 0 0 0 0 0 0 0 0 0 1
26.906 2 ESTIMATOR 0. 0.
26.934 2 ACTUATORS 0,1500,1503,0,1640,0,0,1500
26.941 2 DOWNLINK_STATUS 27 25615 1169 0 952. 43. 6.16
27.004 2 GPS 0 0 0 0 0 0 0 0 0 0 1
27.005 2 ESTIMATOR 0. 0.
27.008 2 IR_SENSORS 511 -449 -960 62 511
27.083 2 COMMANDS 2700,0,0,75
27.087 2 NAVIGATION 4 0 0. 0. 0. 0. 0 0
27.102 2 GPS 0 0 0 0 0 0 0 0 0 0 1
27.105 2 ESTIMATOR 0. 0.
27.183 2 ACTUATORS 0,1500,1503,0,1640,0,0,1500
27.202 2 GPS 0 0 0 0 0 0 0 0 0 0 1
27.206 2 ESTIMATOR 0. 0.
27.209 2 ATTITUDE 0.095989 0. -1.317619
27.213 2 DESIRED 0. 0. 0. 0. 0. 50. 0. 18.
27.301 2 GPS 0 0 0 0 0 0 0 0 0 0 1
27.306 2 ESTIMATOR 0. 0.
27.308 2 WP_MOVED 1 374889. 4223058. 75. 18
27.334 2 NAVIGATION 4 1 0. 0. 0. 0. 0 0
27.338 2 COMMANDS 2700,0,0,75
27.384 2 FBW_STATUS 0 48 0 362 0 1
27.401 2 GPS 0 0 0 0 0 0 0 0 0 0 1
27.406 2 ESTIMATOR 0. 0.
27.410 2 NAVIGATION 4 1 0. 0. 0. 0. 0 0
27.433 2 ACTUATORS 0,1500,1503,0,1640,0,0,1500
27.501 2 GPS 0 0 0 0 0 0 0 0 0 0 1
27.505 2 ESTIMATOR 0. 0.
27.582 2 COMMANDS 2700,0,0,75
27.588 2 NAVIGATION 4 2 0. 0. 0. 0. 0 0
27.601 2 GPS 0 0 0 0 0 0 0 0 0 0 1
27.605 2 ESTIMATOR 0. 0.
27.609 2 BAT 2700 362 1023 0 0 0 0 0 0
27.683 2 ACTUATORS 0,1500,1503,0,1640,0,0,1500
27.702 2 GPS 0 0 0 0 0 0 0 0 0 0 1
27.706 2 ESTIMATOR 0. 0.
27.709 2 ATTITUDE 0.095989 0. -1.317619
27.802 2 GPS 0 0 0 0 0 0 0 0 0 0 1
27.806 2 ESTIMATOR 0. 0.
27.808 2 WP_MOVED 0 374931. 4223100. 75. 18
27.831 2 COMMANDS 2700,0,0,75
27.838 2 NAVIGATION 4 3 0. 0. 0. 0. 0 0
27.902 2 GPS 0 0 0 0 0 0 0 0 0 0 1
27.906 2 ESTIMATOR 0. 0.
27.908 2 CALIBRATION 0. 0
27.934 2 ACTUATORS 0,1500,1503,0,1640,0,0,1500
27.943 2 DOWNLINK_STATUS 28 26548 1211 0 933. 42. 6.16
28.002 2 GPS 0 0 0 0 0 0 0 0 0 0 1
28.006 2 ESTIMATOR 0. 0.
28.084 2 COMMANDS 2700,0,0,75
28.088 2 NAVIGATION 4 4 0. 0. 0. 0. 0 0
28.102 2 GPS 0 0 0 0 0 0 0 0 0 0 1
28.106 2 ESTIMATOR 0. 0.
28.184 2 ACTUATORS 0,1500,1503,0,1640,0,0,1500
28.202 2 GPS 0 0 0 0 0 0 0 0 0 0 1
28.206 2 ESTIMATOR 0. 0.
28.212 2 ATTITUDE 0.095989 0. -1.317619
28.212 2 IR_SENSORS 511 -449 -960 62 511
28.254 2 DESIRED 0. 0. 0. 0. 0. 50. 0. 18.
28.302 2 GPS 0 0 0 0 0 0 0 0 0 0 1
28.306 2 ESTIMATOR 0. 0.
28.308 2 WP_MOVED 1 374889. 4223058. 75. 18
28.310 2 DL_VALUE 20 0.
28.332 2 COMMANDS 2700,0,0,75
28.339 2 NAVIGATION 4 5 0. 0. 0. 0. 0 0
28.402 2 GPS 0 0 0 0 0 0 0 0 0 0 1
28.406 2 ESTIMATOR 0. 0.
28.410 2 NAVIGATION 4 5 0. 0. 0. 0. 0 0
28.412 2 GPS_SOL 0 0 0 0
28.434 2 ACTUATORS 0,1500,1503,0,1640,0,0,1500
28.503 2 GPS 0 0 0 0 0 0 0 0 0 0 1
28.506 2 ESTIMATOR 0. 0.
28.582 2 COMMANDS 2700,0,0,75
28.588 2 NAVIGATION 4 5 0. 0. 0. 0. 0 0
28.602 2 GPS 0 0 0 0 0 0 0 0 0 0 1
28.606 2 ESTIMATOR 0. 0.
28.685 2 ACTUATORS 0,1500,1503,0,1640,0,0,1500
28.702 2 GPS 0 0 0 0 0 0 0 0 0 0 1
28.704 2 ESTIMATOR 0. 0.
28.708 2 ATTITUDE 0.095989 0. -1.317619
28.712 2 BAT 2700 362 1023 0 0 0 1 0 0
28.717 2 ENERGY 36.200001 0. 0 0.
28.802 2 GPS 0 0 0 0 0 0 0 0 0 0 1
28.807 2 ESTIMATOR 0. 0.
28.809 2 WP_MOVED 0 374931. 4223100. 75. 18
28.813 2 ALIVE 112,242,249,43,15,163,65,250,64,163,108,188,197,37,39,241
28.833 2 COMMANDS 2700,0,0,75
28.839 2 NAVIGATION 4 5 0. 0. 0. 0. 0 0
28.905 2 GPS 0 0 0 0 0 0 0 0 0 0 1
28.907 2 ESTIMATOR 0. 0.
28.909 2 PPRZ_MODE 1 0 0 0 0 17
28.934 2 ACTUATORS 0,1500,1503,0,1640,0,0,1500
28.945 2 DOWNLINK_STATUS 29 27536 1256 0 988. 45. 6.16
29.002 2 GPS 0 0 0 0 0 0 0 0 0 0 1
29.007 2 ESTIMATOR 0. 0.
29.082 2 COMMANDS 2700,0,0,75
29.089 2 NAVIGATION 4 5 0. 0. 0. 0. 0 0
29.102 2 GPS 0 0 0 0 0 0 0 0 0 0 1
29.107 2 ESTIMATOR 0. 0.
29.107 2 STATE_FILTER_STATUS 3 1533
29.185 2 ACTUATORS 0,1500,1503,0,1640,0,0,1500
29.203 2 GPS 0 0 0 0 0 0 0 0 0 0 1
29.205 2 ESTIMATOR 0. 0.
29.209 2 ATTITUDE 0.095989 0. -1.317619
29.303 2 GPS 0 0 0 0 0 0 0 0 0 0 1
29.307 2 ESTIMATOR 0. 0.
29.309 2 WP_MOVED 1 374889. 4223058. 75. 18
29.315 2 DESIRED 0. 0. 0. 0. 0. 50. 0. 18.
29.332 2 COMMANDS 2700,0,0,75
29.339 2 NAVIGATION 4 5 0. 0. 0. 0. 0 0
29.383 2 FBW_STATUS 0 48 0 362 0 2
29.403 2 GPS 0 0 0 0 0 0 0 0 0 0 1
29.405 2 ESTIMATOR 0. 0.
29.410 2 NAVIGATION 4 5 0. 0. 0. 0. 0 0
29.413 2 IR_SENSORS 511 -449 -960 62 511
29.435 2 ACTUATORS 0,1500,1503,0,1640,0,0,1500
29.503 2 GPS 0 0 0 0 0 0 0 0 0 0 1
29.505 2 ESTIMATOR 0. 0.
29.583 2 COMMANDS 2700,0,0,75
29.587 2 NAVIGATION 4 5 0. 0. 0. 0. 0 0
29.603 2 GPS 0 0 0 0 0 0 0 0 0 0 1
29.606 2 ESTIMATOR 0. 0.
29.685 2 ACTUATORS 0,1500,1503,0,1640,0,0,1500
29.703 2 GPS 0 0 0 0 0 0 0 0 0 0 1
29.705 2 ESTIMATOR 0. 0.
29.709 2 ATTITUDE 0.095989 0. -1.317619
29.803 2 GPS 0 0 0 0 0 0 0 0 0 0 1
29.806 2 ESTIMATOR 0. 0.
29.809 2 WP_MOVED 0 374931. 4223100. 75. 18
29.814 2 BAT 2700 362 1023 0 0 0 2 0 0
29.817 2 DL_VALUE 21 50.
29.818 2 DOWNLINK 1 949 1420
29.834 2 COMMANDS 2700,0,0,75
29.838 2 NAVIGATION 4 5 0. 0. 0. 0. 0 0
29.904 2 GPS 0 0 0 0 0 0 0 0 0 0 1
29.906 2 ESTIMATOR 0. 0.
29.934 2 ACTUATORS 0,1500,1503,0,1640,0,0,1500
29.946 2 DOWNLINK_STATUS 30 28489 1300 0 953. 44. 6.16
30.005 2 GPS 0 0 0 0 0 0 0 0 0 0 1
30.006 2 ESTIMATOR 0. 0.
30.008 2 CALIBRATION 0. 0
30.084 2 COMMANDS 2700,0,0,75
30.088 2 NAVIGATION 4 5 0. 0. 0. 0. 0 0
30.104 2 GPS 0 0 0 0 0 0 0 0 0 0 1
30.105 2 ESTIMATOR 0. 0.
30.186 2 ACTUATORS 0,1500,1503,0,1640,0,0,1500
30.204 2 GPS 0 0 0 0 0 0 0 0 0 0 1
30.206 2 ESTIMATOR 0. 0.
30.216 2 ATTITUDE 0.095989 0. -1.317619
30.304 2 GPS 0 0 0 0 0 0 0 0 0 0 1
30.306 2 ESTIMATOR 0. 0.
30.310 2 WP_MOVED 1 374889. 4223058. 75. 18
30.334 2 COMMANDS 2700,0,0,75
30.338 2 NAVIGATION 4 5 0. 0. 0. 0. 0 0
30.354 2 DESIRED 0. 0. 0. 0. 0. 50. 0. 18.
30.404 2 GPS 0 0 0 0 0 0 0 0 0 0 1
30.406 2 ESTIMATOR 0. 0.
30.410 2 NAVIGATION 4 5 0. 0. 0. 0. 0 0
30.414 2 GPS_SOL 0 0 0 0
30.422 2 PONG 
30.436 2 ACTUATORS 0,1500,1503,0,1640,0,0,1500
30.504 2 GPS 0 0 0 0 0 0 0 0 0 0 1
30.506 2 ESTIMATOR 0. 0.
30.584 2 COMMANDS 2700,0,0,75
30.588 2 NAVIGATION 4 5 0. 0. 0. 0. 0 0
30.604 2 GPS 0 0 0 0 0 0 0 0 0 0 1
30.606 2 ESTIMATOR 0. 0.
30.608 2 IR_SENSORS 511 -449 -960 62 511
30.686 2 ACTUATORS 0,1500,1503,0,1640,0,0,1500
30.704 2 GPS 0 0 0 0 0 0 0 0 0 0 1
30.706 2 ESTIMATOR 0. 0.
30.710 2 ATTITUDE 0.095989 0. -1.317619
30.805 2 GPS 0 0 0 0 0 0 0 0 0 0 1
30.806 2 ESTIMATOR 0. 0.
30.811 2 WP_MOVED 0 374931. 4223100. 75. 18
30.834 2 COMMANDS 2700,0,0,75
30.838 2 NAVIGATION 4 5 0. 0. 0. 0. 0 0
30.904 2 GPS 0 0 0 0 0 0 0 0 0 0 1
30.906 2 ESTIMATOR 0. 0.
30.910 2 BAT 2700 362 1023 0 0 0 3 0 0
30.937 2 ACTUATORS 0,1500,1503,0,1640,0,0,1500
30.947 2 DOWNLINK_STATUS 31 29428 1343 0 939. 43. 5.92
31.005 2 GPS 0 0 0 0 0 0 0 0 0 0 1
31.006 2 ESTIMATOR 0. 0.
31.084 2 COMMANDS 2700,0,0,75
31.088 2 NAVIGATION 4 5 0. 0. 0. 0. 0 0
31.104 2 GPS 0 0 0 0 0 0 0 0 0 0 1
31.106 2 ESTIMATOR 0. 0.
31.187 2 ACTUATORS 0,1500,1503,0,1640,0,0,1500
31.204 2 GPS 0 0 0 0 0 0 0 0 0 0 1
31.206 2 ESTIMATOR 0. 0.
31.210 2 ATTITUDE 0.095989 0. -1.317619
31.213 2 ENERGY 36.200001 0. 0 0.
31.305 2 GPS 0 0 0 0 0 0 0 0 0 0 1
31.306 2 ESTIMATOR 0. 0.
31.311 2 WP_MOVED 1 374889. 4223058. 75. 18
31.312 2 DL_VALUE 22 0.
31.335 2 COMMANDS 2700,0,0,75
31.339 2 NAVIGATION 4 5 0. 0. 0. 0. 0 0
31.385 2 FBW_STATUS 0 49 0 362 0 1
31.405 2 GPS 0 0 0 0 0 0 0 0 0 0 1
31.406 2 ESTIMATOR 0. 0.
31.411 2 NAVIGATION 4 5 0. 0. 0. 0. 0 0
31.417 2 DESIRED 0. 0. 0. 0. 0. 50. 0. 18.
31.434 2 ACTUATORS 0,1500,1503,0,1640,0,0,1500
31.505 2 GPS 0 0 0 0 0 0 0 0 0 0 1
31.507 2 ESTIMATOR 0. 0.
31.583 2 COMMANDS 2700,0,0,75
31.589 2 NAVIGATION 4 5 0. 0. 0. 0. 0 0
31.604 2 GPS 0 0 0 0 0 0 0 0 0 0 1
31.606 2 ESTIMATOR 0. 0.
31.686 2 ACTUATORS 0,1500,1503,0,1640,0,0,1500
31.703 2 GPS 0 0 0 0 0 0 0 0 0 0 1
31.708 2 ESTIMATOR 0. 0.
31.742 2 ATTITUDE 0.095989 0. -1.317619
31.805 2 GPS 0 0 0 0 0 0 0 0 0 0 1
31.806 2 ESTIMATOR 0. 0.
31.810 2 WP_MOVED 0 374931. 4223100. 75. 18
31.812 2 IR_SENSORS 511 -449 -960 62 511
31.834 2 COMMANDS 2700,0,0,75
31.838 2 NAVIGATION 4 5 0. 0. 0. 0. 0 0
31.926 2 GPS 0 0 0 0 0 0 0 0 0 0 1
31.926 2 ESTIMATOR 0. 0.
31.959 2 ACTUATORS 0,1500,1503,0,1640,0,0,1500
31.959 2 DOWNLINK_STATUS 32 30358 1385 0 930. 42. 5.92
32.005 2 GPS 0 0 0 0 0 0 0 0 0 0 1
32.007 2 ESTIMATOR 0. 0.
32.011 2 BAT 2700 362 1023 0 0 0 4 0 0
32.085 2 COMMANDS 2700,0,0,75
32.088 2 NAVIGATION 4 5 0. 0. 0. 0. 0 0
32.104 2 GPS 0 0 0 0 0 0 0 0 0 0 1
32.106 2 ESTIMATOR 0. 0.
32.108 2 CALIBRATION 0. 0
32.186 2 ACTUATORS 0,1500,1503,0,1640,0,0,1500
32.205 2 GPS 0 0 0 0 0 0 0 0 0 0 1
32.207 2 ESTIMATOR 0. 0.
32.211 2 ATTITUDE 0.095989 0. -1.317619
32.305 2 GPS 0 0 0 0 0 0 0 0 0 0 1
32.306 2 ESTIMATOR 0. 0.
32.311 2 WP_MOVED 1 374889. 4223058. 75. 18
32.334 2 COMMANDS 2700,0,0,75
32.338 2 NAVIGATION 4 5 0. 0. 0. 0. 0 0
32.405 2 GPS 0 0 0 0 0 0 0 0 0 0 1
32.406 2 ESTIMATOR 0. 0.
32.410 2 NAVIGATION 4 5 0. 0. 0. 0. 0 0
32.414 2 GPS_SOL 0 0 0 0
32.437 2 ACTUATORS 0,1500,1503,0,1640,0,0,1500
32.455 2 DESIRED 0. 0. 0. 0. 0. 50. 0. 18.
32.505 2 GPS 0 0 0 0 0 0 0 0 0 0 1
32.507 2 ESTIMATOR 0. 0.
