1.671 2 GPS 0 0 0 0 0 0 0 0 0 0 1
1.673 2 ESTIMATOR 0. 0.
1.675 2 STATE_FILTER_STATUS 3 1533
1.753 2 ACTUATORS 1281,1537,1537,0,1426,0,1500,2000
1.771 2 GPS 0 0 0 0 0 0 0 0 0 0 1
1.773 2 ESTIMATOR 0. 0.
1.777 2 ATTITUDE 0.095989 0. -1.317619
1.871 2 GPS 0 0 0 0 0 0 0 0 0 0 1
1.873 2 ESTIMATOR 0. 0.
1.877 2 WP_MOVED 5 360266. 4813542. 75. 31
1.901 2 COMMANDS 2700,9600,-1425,-718,0
1.907 2 NAVIGATION 0 2 0. 0. 0. 0. 0 0
1.952 2 FBW_STATUS 0 48 1 362 0 1
1.971 2 GPS 0 0 0 0 0 0 0 0 0 0 1
1.973 2 ESTIMATOR 0. 0.
1.979 2 NAVIGATION 0 2 0. 0. 0. 0. 0 0
2.004 2 ACTUATORS 1281,1537,1537,0,1426,0,1500,2000
2.072 2 GPS 0 0 0 0 0 0 0 0 0 0 1
2.073 2 ESTIMATOR 0. 0.
2.080 2 DESIRED 0.01 -0.24 0. 0. 0. 50. 0. 18.
2.151 2 COMMANDS 2700,9600,-1425,-718,0
2.156 2 NAVIGATION 0 2 0. 0. 0. 0. 0 0
2.171 2 GPS 0 0 0 0 0 0 0 0 0 0 1
2.173 2 ESTIMATOR 0. 0.
2.254 2 ACTUATORS 1281,1537,1537,0,1426,0,1500,2000
2.272 2 GPS 0 0 0 0 0 0 0 0 0 0 1
2.274 2 ESTIMATOR 0. 0.
2.278 2 ATTITUDE 0.095989 0. -1.317619
2.305 2 DOWNLINK_STATUS 3 2860 129 0 962. 44. 0.
2.372 2 GPS 0 0 0 0 0 0 0 0 0 0 1
2.374 2 ESTIMATOR 0. 0.
2.378 2 WP_MOVED 6 360266. 4813567. 75. 31
2.382 2 BAT 2700 362 1023 0 0 1 582 0 0
2.402 2 COMMANDS 2700,9600,-1425,-718,0
2.406 2 NAVIGATION 0 2 0. 0. 0. 0. 0 0
2.472 2 GPS 0 0 0 0 0 0 0 0 0 0 1
2.474 2 ESTIMATOR 0. 0.
2.504 2 ACTUATORS 1281,1537,1537,0,1426,0,1500,2000
2.572 2 GPS 0 0 0 0 0 0 0 0 0 0 1
2.574 2 ESTIMATOR 0. 0.
2.652 2 COMMANDS 2700,9600,-1425,-718,0
2.656 2 NAVIGATION 0 2 0. 0. 0. 0. 0 0
2.672 2 GPS 0 0 0 0 0 0 0 0 0 0 1
2.674 2 ESTIMATOR 0. 0.
2.754 2 ACTUATORS 1281,1537,1537,0,1426,0,1500,2000
2.772 2 GPS 0 0 0 0 0 0 0 0 0 0 1
2.774 2 ESTIMATOR 0. 0.
2.778 2 ATTITUDE 0.095989 0. -1.317619
2.780 2 IR_SENSORS 511 -448 -959 63 511
2.782 2 CALIBRATION 0. 0
2.872 2 GPS 0 0 0 0 0 0 0 0 0 0 1
2.874 2 ESTIMATOR 0. 0.
2.878 2 WP_MOVED 7 360266. 4813592. 75. 31
2.880 2 DL_VALUE 16 0.
2.902 2 COMMANDS 2700,9600,-1425,-718,0
2.906 2 NAVIGATION 0 2 0. 0. 0. 0. 0 0
2.971 2 GPS 0 0 0 0 0 0 0 0 0 0 1
2.974 2 ESTIMATOR 0. 0.
2.978 2 NAVIGATION 0 2 0. 0. 0. 0. 0 0
2.982 2 GPS_SOL 0 0 0 0
3.004 2 ACTUATORS 1281,1537,1537,0,1426,0,1500,2000
3.072 2 GPS 0 0 0 0 0 0 0 0 0 0 1
3.074 2 ESTIMATOR 0. 0.
3.123 2 DESIRED 0.01 -0.24 0. 0. 0. 50. 0. 18.
3.152 2 COMMANDS 2700,9600,-1425,-718,0
3.157 2 NAVIGATION 0 2 0. 0. 0. 0. 0 0
3.172 2 GPS 0 0 0 0 0 0 0 0 0 0 1
3.174 2 ESTIMATOR 0. 0.
3.176 2 DOWNLINK 7 957 25243
3.255 2 ACTUATORS 1281,1537,1537,0,1426,0,1500,2000
3.273 2 GPS 0 0 0 0 0 0 0 0 0 0 1
3.274 2 ESTIMATOR 0. 0.
3.278 2 ATTITUDE 0.095989 0. -1.317619
3.307 2 DOWNLINK_STATUS 4 3823 173 0 963. 44. 0.
3.373 2 GPS 0 0 0 0 0 0 0 0 0 0 1
3.375 2 ESTIMATOR 0. 0.
3.379 2 WP_MOVED 8 360266. 4813617. 75. 31
3.402 2 COMMANDS 2700,9600,-1425,-718,0
3.408 2 NAVIGATION 0 2 0. 0. 0. 0. 0 0
3.473 2 GPS 0 0 0 0 0 0 0 0 0 0 1
3.474 2 ESTIMATOR 0. 0.
3.478 2 BAT 2700 362 1023 0 0 1 583 0 0
3.505 2 ACTUATORS 1281,1537,1537,0,1426,0,1500,2000
3.573 2 GPS 0 0 0 0 0 0 0 0 0 0 1
3.574 2 ESTIMATOR 0. 0.
3.655 2 NAVIGATION 0 2 0. 0. 0. 0. 0 0
3.656 2 COMMANDS 2700,9600,-1425,-718,0
3.672 2 GPS 0 0 0 0 0 0 0 0 0 0 1
3.674 2 ESTIMATOR 0. 0.
3.755 2 ACTUATORS 1281,1537,1537,0,1426,0,1500,2000
3.773 2 GPS 0 0 0 0 0 0 0 0 0 0 1
3.774 2 ESTIMATOR 0. 0.
3.779 2 ATTITUDE 0.095989 0. -1.317619
3.781 2 ENERGY 36.200001 0. 0 0.
3.873 2 GPS 0 0 0 0 0 0 0 0 0 0 1
3.874 2 ESTIMATOR 0. 0.
3.879 2 WP_MOVED 9 360266. 4813642. 75. 31
3.905 2 NAVIGATION 0 2 0. 0. 0. 0. 0 0
3.906 2 COMMANDS 2700,9600,-1425,-718,0
3.953 2 FBW_STATUS 0 48 1 362 0 2
3.973 2 GPS 0 0 0 0 0 0 0 0 0 0 1
3.975 2 ESTIMATOR 0. 0.
3.979 2 NAVIGATION 0 2 0. 0. 0. 0. 0 0
3.983 2 IR_SENSORS 511 -449 -960 62 511
4.005 2 ACTUATORS 1281,1537,1537,0,1426,0,1500,2000
4.072 2 GPS 0 0 0 0 0 0 0 0 0 0 1
4.075 2 ESTIMATOR 0. 0.
4.152 2 COMMANDS 2700,9600,-1425,-718,0
4.158 2 NAVIGATION 0 2 0. 0. 0. 0. 0 0
4.172 2 GPS 0 0 0 0 0 0 0 0 0 0 1
4.174 2 ESTIMATOR 0. 0.
4.182 2 DESIRED 0.01 -0.24 0. 0. 0. 50. 0. 18.
4.254 2 ACTUATORS 1281,1537,1537,0,1426,0,1500,2000
4.272 2 GPS 0 0 0 0 0 0 0 0 0 0 1
4.275 2 ESTIMATOR 0. 0.
4.278 2 ATTITUDE 0.095989 0. -1.317619
4.307 2 DOWNLINK_STATUS 5 4773 215 0 950. 42. 0.
4.373 2 GPS 0 0 0 0 0 0 0 0 0 0 1
4.376 2 ESTIMATOR 0. 0.
4.379 2 WP_MOVED 0 360328. 4813634. 75. 31
4.381 2 DL_VALUE 17 0.
4.402 2 COMMANDS 2700,9600,-1425,-718,0
4.408 2 NAVIGATION 0 2 0. 0. 0. 0. 0 0
4.472 2 GPS 0 0 0 0 0 0 0 0 0 0 1
4.475 2 ESTIMATOR 0. 0.
4.505 2 ACTUATORS 1281,1537,1537,0,1426,0,1500,2000
4.573 2 GPS 0 0 0 0 0 0 0 0 0 0 1
4.575 2 ESTIMATOR 0. 0.
4.579 2 BAT 2700 362 1023 0 0 1 584 0 0
4.653 2 COMMANDS 2700,9600,-1425,-718,0
4.657 2 NAVIGATION 0 2 0. 0. 0. 0. 0 0
4.673 2 GPS 0 0 0 0 0 0 0 0 0 0 1
4.675 2 ESTIMATOR 0. 0.
4.755 2 ACTUATORS 1281,1537,1537,0,1426,0,1500,2000
4.773 2 GPS 0 0 0 0 0 0 0 0 0 0 1
4.774 2 ESTIMATOR 0. 0.
4.779 2 ATTITUDE 0.095989 0. -1.317619
4.809 2 PONG 
4.873 2 GPS 0 0 0 0 0 0 0 0 0 0 1
4.875 2 ESTIMATOR 0. 0.
4.879 2 WP_MOVED 1 360286. 4813592. 75. 31
4.880 2 CALIBRATION 0. 0
4.903 2 COMMANDS 2700,9600,-1425,-718,0
4.907 2 NAVIGATION 0 2 0. 0. 0. 0. 0 0
4.973 2 GPS 0 0 0 0 0 0 0 0 0 0 1
4.975 2 ESTIMATOR 0. 0.
4.979 2 NAVIGATION 0 2 0. 0. 0. 0. 0 0
4.983 2 GPS_SOL 0 0 0 0
5.005 2 ACTUATORS 1281,1537,1537,0,1426,0,1500,2000
5.073 2 GPS 0 0 0 0 0 0 0 0 0 0 1
5.075 2 ESTIMATOR 0. 0.
5.153 2 COMMANDS 2700,9600,-1425,-718,0
5.157 2 NAVIGATION 0 2 0. 0. 0. 0. 0 0
5.173 2 GPS 0 0 0 0 0 0 0 0 0 0 1
5.175 2 ESTIMATOR 0. 0.
5.179 2 IR_SENSORS 511 -449 -960 62 511
5.223 2 DESIRED 0.01 -0.24 0. 0. 0. 50. 0. 18.
5.255 2 ACTUATORS 1281,1537,1537,0,1426,0,1500,2000
5.273 2 GPS 0 0 0 0 0 0 0 0 0 0 1
5.275 2 ESTIMATOR 0. 0.
5.279 2 ATTITUDE 0.095989 0. -1.317619
5.308 2 DOWNLINK_STATUS 6 5731 259 0 958. 44. 5.52
5.373 2 GPS 0 0 0 0 0 0 0 0 0 0 1
5.376 2 ESTIMATOR 0. 0.
5.379 2 WP_MOVED 2 360306. 4813672. 75. 31
5.403 2 COMMANDS 2700,9600,-1425,-718,0
5.407 2 NAVIGATION 0 2 0. 0. 0. 0. 0 0
5.473 2 GPS 0 0 0 0 0 0 0 0 0 0 1
5.475 2 ESTIMATOR 0. 0.
5.505 2 ACTUATORS 1281,1537,1537,0,1426,0,1500,2000
5.574 2 GPS 0 0 0 0 0 0 0 0 0 0 1
5.575 2 ESTIMATOR 0. 0.
5.656 2 NAVIGATION 0 2 0. 0. 0. 0. 0 0
5.657 2 COMMANDS 2700,9600,-1425,-718,0
5.673 2 GPS 0 0 0 0 0 0 0 0 0 0 1
5.675 2 ESTIMATOR 0. 0.
5.679 2 BAT 2700 362 1023 0 0 1 586 0 0
5.756 2 ACTUATORS 1281,1537,1537,0,1426,0,1500,2000
5.774 2 GPS 0 0 0 0 0 0 0 0 0 0 1
5.776 2 ESTIMATOR 0. 0.
5.780 2 ATTITUDE 0.095989 0. -1.317619
5.874 2 GPS 0 0 0 0 0 0 0 0 0 0 1
5.876 2 ESTIMATOR 0. 0.
5.880 2 WP_MOVED 3 360330.8125 4813694. 75. 31
5.882 2 DL_VALUE 18 250.
5.904 2 COMMANDS 2700,9600,-1425,-718,0
5.908 2 NAVIGATION 0 2 0. 0. 0. 0. 0 0
5.953 2 FBW_STATUS 0 47 1 362 0 20
5.974 2 GPS 0 0 0 0 0 0 0 0 0 0 1
5.976 2 ESTIMATOR 0. 0.
5.980 2 NAVIGATION 0 2 0. 0. 0. 0. 0 0
6.006 2 ACTUATORS 1281,1537,1537,0,1426,0,1500,2000
6.074 2 GPS 0 0 0 0 0 0 0 0 0 0 1
6.076 2 ESTIMATOR 0. 0.
6.154 2 COMMANDS 2700,9600,-1425,-718,0
6.158 2 NAVIGATION 0 2 0. 0. 0. 0. 0 0
6.160 2 PPRZ_MODE 1 0 0 0 0 4
6.174 2 GPS 0 0 0 0 0 0 0 0 0 0 1
6.175 2 ESTIMATOR 0. 0.
6.256 2 ACTUATORS 1281,1537,1537,0,1426,0,1500,2000
6.274 2 GPS 0 0 0 0 0 0 0 0 0 0 1
6.276 2 ESTIMATOR 0. 0.
6.280 2 ATTITUDE 0.095989 0. -1.317619
6.286 2 DESIRED 0.01 -0.24 0. 0. 0. 50. 0. 18.
6.287 2 ENERGY 36.200001 0. 0 0.
6.308 2 DOWNLINK_STATUS 7 6688 302 0 957. 43. 5.52
6.373 2 GPS 0 0 0 0 0 0 0 0 0 0 1
6.376 2 ESTIMATOR 0. 0.
6.380 2 WP_MOVED 4 360222.5 4813715. 75. 31
6.382 2 IR_SENSORS 511 -449 -960 62 511
6.386 2 ALIVE 114,164,8,173,106,195,124,110,187,244,25,153,43,194,8,19
6.404 2 COMMANDS 2700,9600,-1425,-718,0
6.408 2 NAVIGATION 0 2 0. 0. 0. 0. 0 0
6.474 2 GPS 0 0 0 0 0 0 0 0 0 0 1
6.476 2 ESTIMATOR 0. 0.
6.477 2 PPRZ_MODE 1 0 0 0 0 4
6.504 2 ACTUATORS 1281,1537,1537,0,1426,0,1500,2000
6.574 2 GPS 0 0 0 0 0 0 0 0 0 0 1
6.575 2 ESTIMATOR 0. 0.
6.654 2 COMMANDS 2700,9600,-1425,-718,0
6.658 2 NAVIGATION 0 2 0. 0. 0. 0. 0 0
6.660 2 PPRZ_MODE 2 0 0 0 0 6
6.675 2 GPS 0 0 0 0 0 0 0 0 0 0 1
6.676 2 ESTIMATOR 0. 0.
6.678 2 STATE_FILTER_STATUS 3 1533
6.754 2 ACTUATORS 1114,1537,1537,0,1426,0,1500,2000
6.774 2 GPS 0 0 0 0 0 0 0 0 0 0 1
6.776 2 ESTIMATOR 0. 0.
6.780 2 ATTITUDE 0.095989 0. -1.317619
6.782 2 BAT 460 362 1023 0 0 1 587 0 0
6.874 2 GPS 0 0 0 0 0 0 0 0 0 0 1
6.876 2 ESTIMATOR 0. 0.
6.880 2 WP_MOVED 5 360266. 4813542. 75. 31
6.882 2 NAVIGATION_REF 360286 4813592 31
6.904 2 COMMANDS 0,9600,-1425,-718,0
6.908 2 NAVIGATION 0 2 0. 0. 0. 0. 0 0
6.974 2 GPS 0 0 0 0 0 0 0 0 0 0 1
6.976 2 ESTIMATOR 0. 0.
6.980 2 NAVIGATION 0 2 0. 0. 0. 0. 0 0
6.982 2 GPS_SOL 0 0 0 0
6.984 2 CALIBRATION 0. 0
7.004 2 ACTUATORS 1000,1537,1537,0,1426,0,1500,2000
7.074 2 GPS 0 0 0 0 0 0 0 0 0 0 1
7.076 2 ESTIMATOR 0. 0.
7.154 2 COMMANDS 0,9600,-1425,-718,0
7.159 2 NAVIGATION 0 2 0. 0. 0. 0. 0 0
7.174 2 GPS 0 0 0 0 0 0 0 0 0 0 1
7.176 2 ESTIMATOR 0. 0.
7.256 2 ACTUATORS 1000,1537,1537,0,1426,0,1500,2000
7.274 2 GPS 0 0 0 0 0 0 0 0 0 0 1
7.277 2 ESTIMATOR 0. 0.
7.279 2 ATTITUDE 0.095989 0. -1.317619
7.309 2 DOWNLINK_STATUS 8 7662 348 0 974. 46. 5.52
7.325 2 DESIRED 0.01 0.01 0. 0. 0. 50. 0. 18.
7.374 2 GPS 0 0 0 0 0 0 0 0 0 0 1
7.377 2 ESTIMATOR 0. 0.
7.381 2 WP_MOVED 6 360266. 4813567. 75. 31
7.383 2 DL_VALUE 19 1.144
7.405 2 COMMANDS 0,9600,-1425,-718,0
7.408 2 NAVIGATION 0 2 0. 0. 0. 0. 0 0
7.475 2 GPS 0 0 0 0 0 0 0 0 0 0 1
7.476 2 ESTIMATOR 0. 0.
7.505 2 ACTUATORS 1000,1537,1537,0,1426,0,1500,2000
7.575 2 GPS 0 0 0 0 0 0 0 0 0 0 1
7.577 2 ESTIMATOR 0. 0.
7.579 2 IR_SENSORS 511 -449 -960 62 511
7.655 2 COMMANDS 0,9600,-1425,-718,0
7.659 2 NAVIGATION 0 2 0. 0. 0. 0. 0 0
7.675 2 GPS 0 0 0 0 0 0 0 0 0 0 1
7.677 2 ESTIMATOR 0. 0.
7.755 2 ACTUATORS 1000,1537,1537,0,1426,0,1500,2000
7.775 2 GPS 0 0 0 0 0 0 0 0 0 0 1
7.777 2 ESTIMATOR 0. 0.
7.778 2 ATTITUDE 0.095989 0. -1.317619
7.875 2 GPS 0 0 0 0 0 0 0 0 0 0 1
7.877 2 ESTIMATOR 0. 0.
7.879 2 WP_MOVED 7 360266. 4813592. 75. 31
7.883 2 BAT 0 362 1023 0 0 1 588 0 0
7.905 2 COMMANDS 0,9600,-1425,-718,0
7.909 2 NAVIGATION 0 2 0. 0. 0. 0. 0 0
7.954 2 FBW_STATUS 2 0 1 362 0 140
7.975 2 GPS 0 0 0 0 0 0 0 0 0 0 1
7.976 2 ESTIMATOR 0. 0.
7.980 2 NAVIGATION 0 2 0. 0. 0. 0. 0 0
8.006 2 ACTUATORS 1000,1537,1537,0,1426,0,1500,2000
8.075 2 GPS 0 0 0 0 0 0 0 0 0 0 1
8.077 2 ESTIMATOR 0. 0.
8.155 2 COMMANDS 0,9600,-1425,-718,0
8.158 2 NAVIGATION 0 2 0. 0. 0. 0. 0 0
8.175 2 GPS 0 0 0 0 0 0 0 0 0 0 1
8.176 2 ESTIMATOR 0. 0.
8.257 2 ACTUATORS 1000,1537,1537,0,1426,0,1500,2000
8.275 2 GPS 0 0 0 0 0 0 0 0 0 0 1
8.276 2 ESTIMATOR 0. 0.
8.281 2 ATTITUDE 0.095989 0. -1.317619
8.281 2 DOWNLINK 7 956 25465
8.310 2 DOWNLINK_STATUS 9 8614 391 0 952. 43. 5.52
8.375 2 GPS 0 0 0 0 0 0 0 0 0 0 1
8.376 2 ESTIMATOR 0. 0.
8.381 2 WP_MOVED 8 360266. 4813617. 75. 31
8.387 2 DESIRED 0.01 0.01 0. 0. 0. 50. 0. 18.
8.404 2 COMMANDS 0,9600,-1425,-718,0
8.409 2 NAVIGATION 0 2 0. 0. 0. 0. 0 0
8.475 2 GPS 0 0 0 0 0 0 0 0 0 0 1
8.476 2 ESTIMATOR 0. 0.
8.506 2 ACTUATORS 1000,1537,1537,0,1426,0,1500,2000
8.577 2 GPS 0 0 0 0 0 0 0 0 0 0 1
8.577 2 ESTIMATOR 0. 0.
8.655 2 COMMANDS 0,9600,-1425,-718,0
8.659 2 NAVIGATION 0 2 0. 0. 0. 0. 0 0
8.675 2 GPS 0 0 0 0 0 0 0 0 0 0 1
8.677 2 ESTIMATOR 0. 0.
8.757 2 ACTUATORS 1000,1537,1537,0,1426,0,1500,2000
8.775 2 GPS 0 0 0 0 0 0 0 0 0 0 1
8.777 2 ESTIMATOR 0. 0.
8.781 2 ATTITUDE 0.095989 0. -1.317619
8.783 2 IR_SENSORS 511 -449 -960 62 511
8.787 2 ENERGY 36.200001 0. 0 0.
8.875 2 GPS 0 0 0 0 0 0 0 0 0 0 1
8.876 2 ESTIMATOR 0. 0.
8.881 2 WP_MOVED 9 360266. 4813642. 75. 31
8.883 2 DL_VALUE 20 1.2
8.905 2 COMMANDS 0,9600,-1425,-718,0
8.909 2 NAVIGATION 0 2 0. 0. 0. 0. 0 0
8.975 2 GPS 0 0 0 0 0 0 0 0 0 0 1
8.976 2 ESTIMATOR 0. 0.
8.980 2 NAVIGATION 0 2 0. 0. 0. 0. 0 0
8.985 2 BAT 0 362 1023 0 0 1 589 0 0
8.989 2 GPS_SOL 0 0 0 0
9.007 2 ACTUATORS 1000,1537,1537,0,1426,0,1500,2000
9.075 2 GPS 0 0 0 0 0 0 0 0 0 0 1
9.077 2 ESTIMATOR 0. 0.
9.079 2 CALIBRATION 0. 0
9.155 2 COMMANDS 0,9600,-1425,-718,0
9.159 2 NAVIGATION 0 2 0. 0. 0. 0. 0 0
9.175 2 GPS 0 0 0 0 0 0 0 0 0 0 1
9.177 2 ESTIMATOR 0. 0.
9.255 2 ACTUATORS 1000,1537,1537,0,1426,0,1500,2000
9.275 2 GPS 0 0 0 0 0 0 0 0 0 0 1
9.277 2 ESTIMATOR 0. 0.
9.279 2 ATTITUDE 0.095989 0. -1.317619
9.311 2 DOWNLINK_STATUS 10 9586 435 0 972. 44. 5.52
9.375 2 GPS 0 0 0 0 0 0 0 0 0 0 1
9.377 2 ESTIMATOR 0. 0.
9.381 2 WP_MOVED 0 360328. 4813634. 75. 31
9.405 2 COMMANDS 0,9600,-1425,-718,0
9.409 2 NAVIGATION 0 2 0. 0. 0. 0. 0 0
9.425 2 DESIRED 0.01 0.01 0. 0. 0. 50. 0. 18.
9.476 2 GPS 0 0 0 0 0 0 0 0 0 0 1
9.477 2 ESTIMATOR 0. 0.
9.505 2 ACTUATORS 1000,1537,1537,0,1426,0,1500,2000
9.575 2 GPS 0 0 0 0 0 0 0 0 0 0 1
9.577 2 ESTIMATOR 0. 0.
9.655 2 COMMANDS 0,9600,-1425,-718,0
9.659 2 NAVIGATION 0 2 0. 0. 0. 0. 0 0
9.675 2 GPS 0 0 0 0 0 0 0 0 0 0 1
9.678 2 ESTIMATOR 0. 0.
9.756 2 ACTUATORS 1000,1537,1537,0,1426,0,1500,2000
9.776 2 GPS 0 0 0 0 0 0 0 0 0 0 1
9.777 2 ESTIMATOR 0. 0.
9.780 2 ATTITUDE 0.095989 0. -1.317619
9.876 2 GPS 0 0 0 0 0 0 0 0 0 0 1
9.878 2 ESTIMATOR 0. 0.
9.882 2 WP_MOVED 1 360286. 4813592. 75. 31
9.908 2 NAVIGATION 0 2 0. 0. 0. 0. 0 0
9.909 2 COMMANDS 0,9600,-1425,-718,0
9.956 2 FBW_STATUS 2 0 1 362 0 260
9.976 2 GPS 0 0 0 0 0 0 0 0 0 0 1
9.978 2 ESTIMATOR 0. 0.
9.982 2 NAVIGATION 0 2 0. 0. 0. 0. 0 0
9.983 2 IR_SENSORS 511 -449 -960 62 511
10.006 2 ACTUATORS 1000,1537,1537,0,1426,0,1500,2000
10.074 2 GPS 0 0 0 0 0 0 0 0 0 0 1
10.078 2 ESTIMATOR 0. 0.
10.082 2 BAT 0 362 1023 0 0 1 590 0 0
10.158 2 NAVIGATION 0 2 0. 0. 0. 0. 0 0
10.159 2 COMMANDS 0,9600,-1425,-718,0
10.176 2 GPS 0 0 0 0 0 0 0 0 0 0 1
10.178 2 ESTIMATOR 0. 0.
10.256 2 ACTUATORS 1000,1537,1537,0,1426,0,1500,2000
10.276 2 GPS 0 0 0 0 0 0 0 0 0 0 1
10.278 2 ESTIMATOR 0. 0.
10.280 2 ATTITUDE 0.095989 0. -1.317619
10.312 2 DOWNLINK_STATUS 11 10516 476 0 930. 41. -4995.23
10.376 2 GPS 0 0 0 0 0 0 0 0 0 0 1
10.377 2 ESTIMATOR 0. 0.
10.380 2 WP_MOVED 2 360306. 4813672. 75. 31
10.382 2 DL_VALUE 21 1.31
10.406 2 COMMANDS 0,9600,-1425,-718,0
10.410 2 NAVIGATION 0 2 0. 0. 0. 0. 0 0
10.477 2 GPS 0 0 0 0 0 0 0 0 0 0 1
10.478 2 ESTIMATOR 0. 0.
10.484 2 DESIRED 0.01 0.01 0. 0. 0. 50. 0. 18.
10.506 2 ACTUATORS 1000,1537,1537,0,1426,0,1500,2000
10.576 2 GPS 0 0 0 0 0 0 0 0 0 0 1
10.578 2 ESTIMATOR 0. 0.
10.656 2 NAVIGATION 0 2 0. 0. 0. 0. 0 0
10.660 2 COMMANDS 0,9600,-1425,-718,0
10.676 2 GPS 0 0 0 0 0 0 0 0 0 0 1
10.679 2 ESTIMATOR 0. 0.
10.694 2 BLOCK 0 2
10.756 2 ACTUATORS 1000,1537,1537,0,1426,0,1500,2000
10.776 2 GPS 0 0 0 0 0 0 0 0 0 0 1
10.778 2 ESTIMATOR 0. 0.
10.780 2 ATTITUDE 0.095989 0. -1.317619
10.874 2 GPS 0 0 0 0 0 0 0 0 0 0 1
10.878 2 ESTIMATOR 0. 0.
10.880 2 WP_MOVED 3 360330.8125 4813694. 75. 31
10.906 2 COMMANDS 0,9600,-1425,-718,0
10.910 2 NAVIGATION 0 2 0. 0. 0. 0. 0 0
10.974 2 GPS 0 0 0 0 0 0 0 0 0 0 1
10.978 2 ESTIMATOR 0. 0.
10.982 2 NAVIGATION 0 2 0. 0. 0. 0. 0 0
10.984 2 GPS_SOL 0 0 0 0
11.006 2 ACTUATORS 1000,1537,1537,0,1426,0,1500,2000
11.074 2 GPS 0 0 0 0 0 0 0 0 0 0 1
11.078 2 ESTIMATOR 0. 0.
11.156 2 COMMANDS 0,9600,-1425,-718,0
11.160 2 NAVIGATION 0 2 0. 0. 0. 0. 0 0
11.174 2 GPS 0 0 0 0 0 0 0 0 0 0 1
11.179 2 ESTIMATOR 0. 0.
11.182 2 BAT 0 362 1023 0 0 1 591 0 0
11.185 2 IR_SENSORS 511 -449 -960 62 511
11.186 2 CALIBRATION 0. 0
11.257 2 ACTUATORS 1000,1537,1537,0,1426,0,1500,2000
11.276 2 GPS 0 0 0 0 0 0 0 0 0 0 1
11.278 2 ESTIMATOR 0. 0.
11.280 2 ATTITUDE 0.095989 0. -1.317619
11.285 2 ENERGY 36.200001 0. 0 0.
11.312 2 DOWNLINK_STATUS 12 11488 520 0 972. 44. -4995.23
11.374 2 GPS 0 0 0 0 0 0 0 0 0 0 1
11.379 2 ESTIMATOR 0. 0.
11.380 2 WP_MOVED 4 360222.5 4813715. 75. 31
11.385 2 ALIVE 114,164,8,173,106,195,124,110,187,244,25,153,43,194,8,19
11.406 2 COMMANDS 0,9600,-1425,-718,0
11.411 2 NAVIGATION 0 2 0. 0. 0. 0. 0 0
11.475 2 GPS 0 0 0 0 0 0 0 0 0 0 1
11.478 2 ESTIMATOR 0. 0.
11.481 2 PPRZ_MODE 2 0 0 0 0 6
11.507 2 ACTUATORS 1000,1537,1537,0,1426,0,1500,2000
11.527 2 DESIRED 0.01 0.01 0. 0. 0. 50. 0. 18.
11.577 2 GPS 0 0 0 0 0 0 0 0 0 0 1
11.579 2 ESTIMATOR 0. 0.
11.657 2 COMMANDS 0,9600,-1425,-718,0
11.661 2 NAVIGATION 0 2 0. 0. 0. 0. 0 0
11.675 2 GPS 0 0 0 0 0 0 0 0 0 0 1
11.681 2 ESTIMATOR 0. 0.
11.681 2 STATE_FILTER_STATUS 3 1533
11.757 2 ACTUATORS 1000,1537,1537,0,1426,0,1500,2000
11.774 2 GPS 0 0 0 0 0 0 0 0 0 0 1
11.779 2 ESTIMATOR 0. 0.
11.780 2 ATTITUDE 0.095989 0. -1.317619
11.875 2 GPS 0 0 0 0 0 0 0 0 0 0 1
11.879 2 ESTIMATOR 0. 0.
11.881 2 WP_MOVED 5 360266. 4813542. 75. 31
11.883 2 DL_VALUE 22 0.785
11.894 2 BLOCK 1 2
11.908 2 NAVIGATION 0 2 0. 0. 0. 0. 0 0
11.910 2 COMMANDS 0,9600,-1425,-718,0
11.921 2 WIND_INFO 2 42 0. 0. 0.
11.956 2 FBW_STATUS 2 0 1 362 0 380
11.977 2 GPS 0 0 0 0 0 0 0 0 0 0 1
11.978 2 ESTIMATOR 0. 0.
11.982 2 NAVIGATION 0 2 0. 0. 0. 0. 0 0
12.006 2 ACTUATORS 1000,1537,1537,0,1426,0,1500,2000
12.077 2 GPS 0 0 0 0 0 0 0 0 0 0 1
12.078 2 ESTIMATOR 0. 0.
12.157 2 COMMANDS 0,9600,-1425,-718,0
12.161 2 NAVIGATION 0 2 0. 0. 0. 0. 0 0
12.177 2 GPS 0 0 0 0 0 0 0 0 0 0 1
12.178 2 ESTIMATOR 0. 0.
12.257 2 ACTUATORS 1000,1537,1537,0,1426,0,1500,2000
12.277 2 GPS 0 0 0 0 0 0 0 0 0 0 1
12.278 2 ESTIMATOR 0. 0.
12.281 2 ATTITUDE 0.095989 0. -1.317619
12.285 2 BAT 0 362 1023 0 0 1 592 0 0
12.313 2 DOWNLINK_STATUS 13 12457 564 0 969. 44. -4995.23
12.377 2 GPS 0 0 0 0 0 0 0 0 0 0 1
12.378 2 ESTIMATOR 0. 0.
12.383 2 WP_MOVED 6 360266. 4813567. 75. 31
12.384 2 IR_SENSORS 511 -449 -960 62 511
12.407 2 COMMANDS 0,9600,-1425,-718,0
12.411 2 NAVIGATION 0 2 0. 0. 0. 0. 0 0
12.475 2 GPS 0 0 0 0 0 0 0 0 0 0 1
12.479 2 ESTIMATOR 0. 0.
12.507 2 ACTUATORS 1000,1537,1537,0,1426,0,1500,2000
12.577 2 GPS 0 0 0 0 0 0 0 0 0 0 1
12.578 2 ESTIMATOR 0. 0.
12.585 2 DESIRED 0.01 0.01 0. 0. 0. 50. 0. 18.
12.658 2 NAVIGATION 0 2 0. 0. 0. 0. 0 0
12.661 2 COMMANDS 0,9600,-1425,-718,0
12.677 2 GPS 0 0 0 0 0 0 0 0 0 0 1
12.679 2 ESTIMATOR 0. 0.
21.924 2 WIND_INFO 2 42 0. 0. 0.
31.926 2 WIND_INFO 2 42 0. 0. 0.
41.927 2 WIND_INFO 2 42 0. 0. 0.
