2.379 2 GPS 0 0 0 0 0 0 0 0 0 0 1
2.381 2 ESTIMATOR 0. 0.
2.388 2 NAVIGATION 1 5 0. 0. 0. 0. 0 0
2.389 2 GPS_SOL 0 0 0 0
2.410 2 ACTUATORS 0,1700,1700,0,1750,0,0,1700
2.480 2 GPS 0 0 0 0 0 0 0 0 0 0 1
2.482 2 ESTIMATOR 0. 0.
2.486 2 BAT 4800 362 1023 0 0 0 7 0 0
2.561 2 COMMANDS 4800,4800,4800,4800
2.564 2 NAVIGATION 1 5 0. 0. 0. 0. 0 0
2.580 2 GPS 0 0 0 0 0 0 0 0 0 0 1
2.581 2 ESTIMATOR 0. 0.
2.662 2 ACTUATORS 0,1700,1700,0,1750,0,0,1700
2.680 2 GPS 0 0 0 0 0 0 0 0 0 0 1
2.681 2 ESTIMATOR 0. 0.
2.684 2 ATTITUDE 0.097522 0. -1.317186
2.780 2 GPS 0 0 0 0 0 0 0 0 0 0 1
2.782 2 ESTIMATOR 0. 0.
2.786 2 WP_MOVED 0 374931. 4223100. 75. 18
2.786 2 CALIBRATION 0. 0
2.812 2 NAVIGATION 1 5 0. 0. 0. 0. 0 0
2.814 2 COMMANDS 4800,4800,4800,4800
2.881 2 GPS 0 0 0 0 0 0 0 0 0 0 1
2.882 2 ESTIMATOR 0. 0.
2.895 2 DOWNLINK_STATUS 3 2869 131 0 964. 45. 0.
2.910 2 ACTUATORS 0,1700,1700,0,1750,0,0,1700
2.981 2 GPS 0 0 0 0 0 0 0 0 0 0 1
2.982 2 ESTIMATOR 0. 0.
3.061 2 COMMANDS 4800,4800,4800,4800
3.064 2 NAVIGATION 1 5 0. 0. 0. 0. 0 0
3.081 2 GPS 0 0 0 0 0 0 0 0 0 0 1
3.082 2 ESTIMATOR 0. 0.
3.131 2 DESIRED 0. 0. 0. 0. 0. 50. 0. 18.
3.160 2 ACTUATORS 0,1700,1700,0,1750,0,0,1700
3.181 2 GPS 0 0 0 0 0 0 0 0 0 0 1
3.182 2 ESTIMATOR 0. 0.
3.184 2 ATTITUDE 0.097522 0. -1.317186
3.281 2 GPS 0 0 0 0 0 0 0 0 0 0 1
3.282 2 ESTIMATOR 0. 0.
3.286 2 WP_MOVED 1 374889. 4223058. 75. 18
3.310 2 NAVIGATION 1 5 0. 0. 0. 0. 0 0
3.314 2 COMMANDS 4800,4800,4800,4800
3.366 2 FBW_STATUS 0 0 0 362 0 558
3.379 2 GPS 0 0 0 0 0 0 0 0 0 0 1
3.381 2 ESTIMATOR 0. 0.
3.387 2 NAVIGATION 1 5 0. 0. 0. 0. 0 0
3.389 2 IR_SENSORS 511 -448 -959 63 511
3.412 2 ACTUATORS 0,1700,1700,0,1750,0,0,1700
3.479 2 GPS 0 0 0 0 0 0 0 0 0 0 1
3.481 2 ESTIMATOR 0. 0.
3.559 2 COMMANDS 4800,4800,4800,4800
3.563 2 NAVIGATION 1 5 0. 0. 0. 0. 0 0
3.579 2 GPS 0 0 0 0 0 0 0 0 0 0 1
3.582 2 ESTIMATOR 0. 0.
3.585 2 BAT 4800 362 1023 0 0 0 8 0 0
3.662 2 ACTUATORS 0,1700,1700,0,1750,0,0,1700
3.679 2 GPS 0 0 0 0 0 0 0 0 0 0 1
3.681 2 ESTIMATOR 0. 0.
3.686 2 ATTITUDE 0.097522 0. -1.317186
3.780 2 GPS 0 0 0 0 0 0 0 0 0 0 1
3.782 2 ESTIMATOR 0. 0.
3.789 2 WP_MOVED 0 374931. 4223100. 75. 18
3.789 2 DL_VALUE 5 8000.
3.810 2 COMMANDS 4800,4800,4800,4800
3.814 2 NAVIGATION 1 5 0. 0. 0. 0. 0 0
3.881 2 GPS 0 0 0 0 0 0 0 0 0 0 1
3.882 2 ESTIMATOR 0. 0.
3.896 2 DOWNLINK_STATUS 4 3802 173 0 933. 42. 0.
3.910 2 ACTUATORS 0,1700,1700,0,1750,0,0,1700
3.980 2 GPS 0 0 0 0 0 0 0 0 0 0 1
3.983 2 ESTIMATOR 0. 0.
4.060 2 COMMANDS 4800,4800,4800,4800
4.065 2 NAVIGATION 1 5 0. 0. 0. 0. 0 0
4.080 2 GPS 0 0 0 0 0 0 0 0 0 0 1
4.082 2 ESTIMATOR 0. 0.
4.162 2 ACTUATORS 0,1700,1700,0,1750,0,0,1700
4.180 2 GPS 0 0 0 0 0 0 0 0 0 0 1
4.182 2 ESTIMATOR 0. 0.
4.186 2 ATTITUDE 0.097522 0. -1.317186
4.192 2 DESIRED 0. 0. 0. 0. 0. 50. 0. 18.
4.196 2 ENERGY 36.200001 0. 0 0.
4.280 2 GPS 0 0 0 0 0 0 0 0 0 0 1
4.282 2 ESTIMATOR 0. 0.
4.288 2 WP_MOVED 1 374889. 4223058. 75. 18
4.309 2 COMMANDS 4800,4800,4800,4800
4.314 2 NAVIGATION 1 5 0. 0. 0. 0. 0 0
4.381 2 GPS 0 0 0 0 0 0 0 0 0 0 1
4.382 2 ESTIMATOR 0. 0.
4.387 2 NAVIGATION 1 5 0. 0. 0. 0. 0 0
4.390 2 GPS_SOL 0 0 0 0
4.412 2 ACTUATORS 0,1700,1700,0,1750,0,0,1700
4.480 2 GPS 0 0 0 0 0 0 0 0 0 0 1
4.482 2 ESTIMATOR 0. 0.
4.560 2 COMMANDS 4800,4800,4800,4800
4.566 2 NAVIGATION 1 5 0. 0. 0. 0. 0 0
4.579 2 GPS 0 0 0 0 0 0 0 0 0 0 1
4.581 2 ESTIMATOR 0. 0.
4.586 2 IR_SENSORS 511 -448 -959 63 511
4.662 2 ACTUATORS 0,1700,1700,0,1750,0,0,1700
4.680 2 GPS 0 0 0 0 0 0 0 0 0 0 1
4.682 2 ESTIMATOR 0. 0.
4.686 2 ATTITUDE 0.097522 0. -1.317186
4.690 2 BAT 4800 362 1023 0 0 0 9 0 0
4.781 2 GPS 0 0 0 0 0 0 0 0 0 0 1
4.782 2 ESTIMATOR 0. 0.
4.786 2 WP_MOVED 0 374931. 4223100. 75. 18
4.812 2 NAVIGATION 1 5 0. 0. 0. 0. 0 0
4.813 2 COMMANDS 4800,4800,4800,4800
4.881 2 GPS 0 0 0 0 0 0 0 0 0 0 1
4.882 2 ESTIMATOR 0. 0.
4.883 2 CALIBRATION 0. 0
4.897 2 DOWNLINK_STATUS 5 4755 216 0 953. 43. 0.
4.912 2 ACTUATORS 0,1700,1700,0,1750,0,0,1700
4.981 2 GPS 0 0 0 0 0 0 0 0 0 0 1
4.982 2 ESTIMATOR 0. 0.
5.060 2 COMMANDS 4800,4800,4800,4800
5.064 2 NAVIGATION 2 0 0. 0. 0. 0. 0 0
5.081 2 GPS 0 0 0 0 0 0 0 0 0 0 1
5.082 2 ESTIMATOR 0. 0.
5.162 2 ACTUATORS 0,1700,1700,0,1750,0,0,1700
5.181 2 GPS 0 0 0 0 0 0 0 0 0 0 1
5.182 2 ESTIMATOR 0. 0.
5.186 2 ATTITUDE 0.097522 0. -1.317186
5.232 2 DESIRED 0. 0. 0. 0. 0. 50. 0. 18.
5.281 2 GPS 0 0 0 0 0 0 0 0 0 0 1
5.282 2 ESTIMATOR 0. 0.
5.286 2 WP_MOVED 1 374889. 4223058. 75. 18
5.288 2 DL_VALUE 6 0.
5.310 2 COMMANDS 4800,4800,4800,4800
5.314 2 NAVIGATION 2 1 0. 0. 0. 0. 0 0
5.361 2 FBW_STATUS 0 0 0 362 0 678
5.381 2 GPS 0 0 0 0 0 0 0 0 0 0 1
5.382 2 ESTIMATOR 0. 0.
5.388 2 NAVIGATION 2 1 0. 0. 0. 0. 0 0
5.414 2 ACTUATORS 0,1700,1700,0,1900,0,0,1700
5.414 2 PONG 
5.480 2 GPS 0 0 0 0 0 0 0 0 0 0 1
5.482 2 ESTIMATOR 0. 0.
5.561 2 COMMANDS 7680,4800,4800,4800
5.564 2 NAVIGATION 2 2 0. 0. 0. 0. 0 0
5.580 2 GPS 0 0 0 0 0 0 0 0 0 0 1
5.582 2 ESTIMATOR 0. 0.
5.663 2 ACTUATORS 0,1700,1700,0,1900,0,0,1180
5.680 2 GPS 0 0 0 0 0 0 0 0 0 0 1
5.682 2 ESTIMATOR 0. 0.
5.686 2 ATTITUDE 0.097522 0. -1.317186
5.781 2 GPS 0 0 0 0 0 0 0 0 0 0 1
5.782 2 ESTIMATOR 0. 0.
5.788 2 WP_MOVED 0 374931. 4223100. 75. 18
5.791 2 BAT 4800 362 1023 0 0 0 0 0 0
5.792 2 IR_SENSORS 511 -448 -959 63 511
5.811 2 COMMANDS 7680,-7680,4800,4800
5.815 2 NAVIGATION 2 3 0. 0. 0. 0. 0 0
5.881 2 GPS 0 0 0 0 0 0 0 0 0 0 1
5.882 2 ESTIMATOR 0. 0.
5.898 2 DOWNLINK_STATUS 6 5694 259 0 939. 43. 7.29
5.913 2 ACTUATORS 0,1180,1700,0,1900,0,0,1180
5.982 2 GPS 0 0 0 0 0 0 0 0 0 0 1
5.983 2 ESTIMATOR 0. 0.
6.002 2 BLOCK 0 2
6.011 2 NAVIGATION 0 0 0. 0. 0. 0. 0 0
6.061 2 COMMANDS 7680,-7680,-7680,4800
6.065 2 NAVIGATION 0 1 0. 0. 0. 0. 0 0
6.082 2 GPS 0 0 0 0 0 0 0 0 0 0 1
6.083 2 ESTIMATOR 0. 0.
6.163 2 ACTUATORS 0,1180,1700,0,1900,0,0,1180
6.181 2 GPS 0 0 0 0 0 0 0 0 0 0 1
6.182 2 ESTIMATOR 0. 0.
6.186 2 ATTITUDE 0.097522 0. -1.317186
6.281 2 GPS 0 0 0 0 0 0 0 0 0 0 1
6.282 2 ESTIMATOR 0. 0.
6.286 2 WP_MOVED 1 374889. 4223058. 75. 18
6.292 2 DESIRED 0. 0. 0. 0. 0. 50. 0. 18.
6.294 2 NAVIGATION_REF 374889 4223058 18
6.313 2 NAVIGATION 0 2 0. 0. 0. 0. 0 0
6.315 2 COMMANDS 7680,-7680,-7680,4800
6.381 2 GPS 0 0 0 0 0 0 0 0 0 0 1
6.382 2 ESTIMATOR 0. 0.
6.386 2 NAVIGATION 0 2 0. 0. 0. 0. 0 0
6.390 2 GPS_SOL 0 0 0 0
6.414 2 ACTUATORS 0,1180,1700,0,1900,0,0,1180
6.481 2 GPS 0 0 0 0 0 0 0 0 0 0 1
6.483 2 ESTIMATOR 0. 0.
6.562 2 COMMANDS 7680,-7680,-7680,4800
6.565 2 NAVIGATION 0 3 0. 0. 0. 0. 0 0
6.581 2 GPS 0 0 0 0 0 0 0 0 0 0 1
6.583 2 ESTIMATOR 0. 0.
6.663 2 ACTUATORS 0,1180,1700,0,1600,0,0,1180
6.681 2 GPS 0 0 0 0 0 0 0 0 0 0 1
6.683 2 ESTIMATOR 0. 0.
6.687 2 ATTITUDE 0.095989 0. -1.317619
6.689 2 ENERGY 36.200001 0. 0 0.
6.782 2 GPS 0 0 0 0 0 0 0 0 0 0 1
6.783 2 ESTIMATOR 0. 0.
6.787 2 WP_MOVED 0 374931. 4223100. 75. 18
6.789 2 DL_VALUE 7 0.
6.793 2 ALIVE 54,110,190,96,169,124,173,33,158,55,200,223,8,194,89,24
6.812 2 COMMANDS 1920,-7680,-7680,4800
6.816 2 NAVIGATION 0 4 0. 0. 0. 0. 0 0
6.882 2 GPS 0 0 0 0 0 0 0 0 0 0 1
6.883 2 ESTIMATOR 0. 0.
6.887 2 BAT 4800 362 1023 0 0 0 1 0 0
6.889 2 PPRZ_MODE 1 0 0 0 0 17
6.898 2 DOWNLINK_STATUS 7 6707 305 0 1013. 46. 7.29
6.913 2 ACTUATORS 0,1180,1700,0,1600,0,0,1660
6.982 2 GPS 0 0 0 0 0 0 0 0 0 0 1
6.983 2 ESTIMATOR 0. 0.
6.987 2 IR_SENSORS 511 -448 -959 63 511
6.987 2 CALIBRATION 0. 0
7.062 2 COMMANDS 1920,3840,-7680,4800
7.065 2 NAVIGATION 0 5 0. 0. 0. 0. 0 0
7.082 2 GPS 0 0 0 0 0 0 0 0 0 0 1
7.083 2 ESTIMATOR 0. 0.
7.085 2 STATE_FILTER_STATUS 3 1533
7.163 2 ACTUATORS 0,1740,1700,0,1600,0,0,1660
7.181 2 GPS 0 0 0 0 0 0 0 0 0 0 1
7.183 2 ESTIMATOR 0. 0.
7.188 2 ATTITUDE 0.097522 0. -1.317186
7.281 2 GPS 0 0 0 0 0 0 0 0 0 0 1
7.283 2 ESTIMATOR 0. 0.
7.287 2 WP_MOVED 1 374889. 4223058. 75. 18
7.312 2 COMMANDS 1920,3840,5760,4800
7.316 2 NAVIGATION 0 6 0. 0. 0. 0. 0 0
7.332 2 DESIRED 0. 0. 0. 0. 0. 50. 0. 18.
7.362 2 FBW_STATUS 0 0 0 362 0 798
7.382 2 GPS 0 0 0 0 0 0 0 0 0 0 1
7.384 2 ESTIMATOR 0. 0.
7.388 2 NAVIGATION 0 6 0. 0. 0. 0. 0 0
7.389 2 DOWNLINK 0 967 539
7.414 2 ACTUATORS 0,1740,1820,0,1600,0,0,1660
7.481 2 GPS 0 0 0 0 0 0 0 0 0 0 1
7.483 2 ESTIMATOR 0. 0.
7.562 2 COMMANDS 1920,3840,5760,7680
7.566 2 NAVIGATION 0 7 0. 0. 0. 0. 0 0
7.582 2 GPS 0 0 0 0 0 0 0 0 0 0 1
7.584 2 ESTIMATOR 0. 0.
7.664 2 ACTUATORS 0,1740,1820,0,1600,0,0,1660
7.681 2 GPS 0 0 0 0 0 0 0 0 0 0 1
7.683 2 ESTIMATOR 0. 0.
7.688 2 ATTITUDE 0.097522 0. -1.317186
7.782 2 GPS 0 0 0 0 0 0 0 0 0 0 1
7.784 2 ESTIMATOR 0. 0.
7.787 2 WP_MOVED 0 374931. 4223100. 75. 18
7.812 2 COMMANDS 1920,3840,5760,7680
7.816 2 NAVIGATION 0 7 0. 0. 0. 0. 0 0
7.882 2 GPS 0 0 0 0 0 0 0 0 0 0 1
7.884 2 ESTIMATOR 0. 0.
7.900 2 DOWNLINK_STATUS 8 7637 348 0 930. 43. 7.29
7.914 2 ACTUATORS 0,1740,1820,0,1600,0,0,1660
7.983 2 GPS 0 0 0 0 0 0 0 0 0 0 1
7.984 2 ESTIMATOR 0. 0.
7.988 2 BAT 7680 362 1023 0 0 0 2 0 0
8.063 2 COMMANDS 1920,3840,5760,7680
8.066 2 NAVIGATION 0 7 0. 0. 0. 0. 0 0
8.083 2 GPS 0 0 0 0 0 0 0 0 0 0 1
8.084 2 ESTIMATOR 0. 0.
8.162 2 ACTUATORS 0,1740,1820,0,1600,0,0,1660
8.182 2 GPS 0 0 0 0 0 0 0 0 0 0 1
8.184 2 ESTIMATOR 0. 0.
8.188 2 ATTITUDE 0.097522 0. -1.317186
8.190 2 IR_SENSORS 511 -448 -959 63 511
8.282 2 GPS 0 0 0 0 0 0 0 0 0 0 1
8.284 2 ESTIMATOR 0. 0.
8.288 2 WP_MOVED 1 374889. 4223058. 75. 18
8.290 2 DL_VALUE 8 250.
8.311 2 COMMANDS 1920,3840,5760,7680
8.316 2 NAVIGATION 0 7 0. 0. 0. 0. 0 0
8.383 2 GPS 0 0 0 0 0 0 0 0 0 0 1
8.383 2 ESTIMATOR 0. 0.
8.388 2 NAVIGATION 0 7 0. 0. 0. 0. 0 0
8.396 2 DESIRED 0. 0. 0. 0. 0. 50. 0. 18.
8.398 2 GPS_SOL 0 0 0 0
8.414 2 ACTUATORS 0,1740,1820,0,1600,0,0,1660
8.482 2 GPS 0 0 0 0 0 0 0 0 0 0 1
8.483 2 ESTIMATOR 0. 0.
8.562 2 COMMANDS 1920,3840,5760,7680
8.566 2 NAVIGATION 0 7 0. 0. 0. 0. 0 0
8.582 2 GPS 0 0 0 0 0 0 0 0 0 0 1
8.584 2 ESTIMATOR 0. 0.
8.664 2 ACTUATORS 0,1740,1820,0,1600,0,0,1660
8.682 2 GPS 0 0 0 0 0 0 0 0 0 0 1
8.684 2 ESTIMATOR 0. 0.
8.688 2 ATTITUDE 0.097522 0. -1.317186
8.783 2 GPS 0 0 0 0 0 0 0 0 0 0 1
8.784 2 ESTIMATOR 0. 0.
8.788 2 WP_MOVED 0 374931. 4223100. 75. 18
8.813 2 COMMANDS 1920,3840,5760,7680
8.816 2 NAVIGATION 0 7 0. 0. 0. 0. 0 0
8.882 2 GPS 0 0 0 0 0 0 0 0 0 0 1
8.884 2 ESTIMATOR 0. 0.
8.900 2 DOWNLINK_STATUS 9 8570 390 0 933. 42. 7.29
8.914 2 ACTUATORS 0,1740,1820,0,1600,0,0,1660
8.982 2 GPS 0 0 0 0 0 0 0 0 0 0 1
8.984 2 ESTIMATOR 0. 0.
9.062 2 COMMANDS 1920,3840,5760,7680
9.066 2 NAVIGATION 0 7 0. 0. 0. 0. 0 0
9.083 2 GPS 0 0 0 0 0 0 0 0 0 0 1
9.084 2 ESTIMATOR 0. 0.
9.088 2 BAT 7680 362 1023 0 0 0 4 0 0
9.090 2 CALIBRATION 0. 0
9.164 2 ACTUATORS 0,1740,1820,0,1600,0,0,1660
9.182 2 GPS 0 0 0 0 0 0 0 0 0 0 1
9.184 2 ESTIMATOR 0. 0.
9.188 2 ATTITUDE 0.095989 0. -1.317619
9.190 2 ENERGY 36.200001 0. 0 0.
9.282 2 GPS 0 0 0 0 0 0 0 0 0 0 1
9.284 2 ESTIMATOR 0. 0.
9.288 2 WP_MOVED 1 374889. 4223058. 75. 18
9.313 2 COMMANDS 1920,3840,5760,7680
9.316 2 NAVIGATION 0 7 0. 0. 0. 0. 0 0
9.363 2 FBW_STATUS 0 0 0 362 0 918
9.383 2 GPS 0 0 0 0 0 0 0 0 0 0 1
9.384 2 ESTIMATOR 0. 0.
9.388 2 NAVIGATION 0 7 0. 0. 0. 0. 0 0
9.392 2 IR_SENSORS 511 -448 -959 63 511
9.415 2 ACTUATORS 0,1740,1820,0,1600,0,0,1660
9.433 2 DESIRED 0. 0. 0. 0. 0. 50. 0. 18.
9.483 2 GPS 0 0 0 0 0 0 0 0 0 0 1
9.484 2 ESTIMATOR 0. 0.
9.563 2 COMMANDS 1920,3840,5760,7680
9.566 2 NAVIGATION 0 7 0. 0. 0. 0. 0 0
9.582 2 GPS 0 0 0 0 0 0 0 0 0 0 1
9.584 2 ESTIMATOR 0. 0.
9.664 2 ACTUATORS 0,1740,1820,0,1600,0,0,1660
9.683 2 GPS 0 0 0 0 0 0 0 0 0 0 1
9.684 2 ESTIMATOR 0. 0.
9.688 2 ATTITUDE 0.095989 0. -1.317619
9.783 2 GPS 0 0 0 0 0 0 0 0 0 0 1
9.784 2 ESTIMATOR 0. 0.
9.789 2 WP_MOVED 0 374931. 4223100. 75. 18
9.791 2 DL_VALUE 9 1.144
9.813 2 COMMANDS 1920,3840,5760,7680
9.816 2 NAVIGATION 0 7 0. 0. 0. 0. 0 0
9.883 2 GPS 0 0 0 0 0 0 0 0 0 0 1
9.884 2 ESTIMATOR 0. 0.
9.901 2 DOWNLINK_STATUS 10 9534 434 0 964. 44. 7.29
9.915 2 ACTUATORS 0,1740,1820,0,1600,0,0,1660
9.982 2 GPS 0 0 0 0 0 0 0 0 0 0 1
9.984 2 ESTIMATOR 0. 0.
10.063 2 COMMANDS 1920,3840,5760,7680
10.066 2 NAVIGATION 0 7 0. 0. 0. 0. 0 0
10.083 2 GPS 0 0 0 0 0 0 0 0 0 0 1
10.085 2 ESTIMATOR 0. 0.
10.163 2 ACTUATORS 0,1740,1820,0,1600,0,0,1660
10.183 2 GPS 0 0 0 0 0 0 0 0 0 0 1
10.184 2 ESTIMATOR 0. 0.
10.188 2 ATTITUDE 0.095989 0. -1.317619
10.193 2 BAT 7680 362 1023 0 0 0 5 0 0
10.283 2 GPS 0 0 0 0 0 0 0 0 0 0 1
10.284 2 ESTIMATOR 0. 0.
10.289 2 WP_MOVED 1 374889. 4223058. 75. 18
10.314 2 COMMANDS 1920,3840,5760,7680
10.317 2 NAVIGATION 0 7 0. 0. 0. 0. 0 0
10.384 2 GPS 0 0 0 0 0 0 0 0 0 0 1
10.385 2 ESTIMATOR 0. 0.
10.389 2 NAVIGATION 0 7 0. 0. 0. 0. 0 0
10.393 2 GPS_SOL 0 0 0 0
10.414 2 ACTUATORS 0,1740,1820,0,1600,0,0,1660
10.415 2 PONG 
10.484 2 GPS 0 0 0 0 0 0 0 0 0 0 1
10.485 2 ESTIMATOR 0. 0.
10.491 2 DESIRED 0. 0. 0. 0. 0. 50. 0. 18.
10.563 2 COMMANDS 1920,3840,5760,7680
10.567 2 NAVIGATION 0 7 0. 0. 0. 0. 0 0
10.583 2 GPS 0 0 0 0 0 0 0 0 0 0 1
10.585 2 ESTIMATOR 0. 0.
10.586 2 IR_SENSORS 511 -449 -960 62 511
10.665 2 ACTUATORS 0,1740,1820,0,1600,0,0,1660
10.683 2 GPS 0 0 0 0 0 0 0 0 0 0 1
10.685 2 ESTIMATOR 0. 0.
10.689 2 ATTITUDE 0.097522 0. -1.317186
10.783 2 GPS 0 0 0 0 0 0 0 0 0 0 1
10.785 2 ESTIMATOR 0. 0.
10.789 2 WP_MOVED 0 374931. 4223100. 75. 18
10.815 2 NAVIGATION 0 7 0. 0. 0. 0. 0 0
10.817 2 COMMANDS 1920,3840,5760,7680
10.883 2 GPS 0 0 0 0 0 0 0 0 0 0 1
10.885 2 ESTIMATOR 0. 0.
10.902 2 DOWNLINK_STATUS 11 10462 476 0 928. 42. 9.05
10.914 2 ACTUATORS 0,1740,1820,0,1600,0,0,1660
10.983 2 GPS 0 0 0 0 0 0 0 0 0 0 1
10.985 2 ESTIMATOR 0. 0.
11.063 2 COMMANDS 1920,3840,5760,7680
11.067 2 NAVIGATION 0 7 0. 0. 0. 0. 0 0
11.084 2 GPS 0 0 0 0 0 0 0 0 0 0 1
11.085 2 ESTIMATOR 0. 0.
11.163 2 ACTUATORS 0,1740,1820,0,1600,0,0,1660
11.184 2 GPS 0 0 0 0 0 0 0 0 0 0 1
11.185 2 ESTIMATOR 0. 0.
11.187 2 ATTITUDE 0.097522 0. -1.317186
11.189 2 CALIBRATION 0. 0
11.284 2 GPS 0 0 0 0 0 0 0 0 0 0 1
11.285 2 ESTIMATOR 0. 0.
11.290 2 WP_MOVED 1 374889. 4223058. 75. 18
11.295 2 BAT 7680 362 1023 0 0 0 6 0 0
11.295 2 DL_VALUE 10 1.2
11.314 2 COMMANDS 1920,3840,5760,7680
11.318 2 NAVIGATION 0 7 0. 0. 0. 0. 0 0
11.364 2 FBW_STATUS 0 0 0 362 0 1038
11.384 2 GPS 0 0 0 0 0 0 0 0 0 0 1
11.386 2 ESTIMATOR 0. 0.
11.390 2 NAVIGATION 0 7 0. 0. 0. 0. 0 0
11.416 2 ACTUATORS 0,1740,1820,0,1600,0,0,1660
11.484 2 GPS 0 0 0 0 0 0 0 0 0 0 1
11.486 2 ESTIMATOR 0. 0.
11.534 2 DESIRED 0. 0. 0. 0. 0. 50. 0. 18.
11.563 2 COMMANDS 1920,3840,5760,7680
11.567 2 NAVIGATION 0 7 0. 0. 0. 0. 0 0
11.584 2 GPS 0 0 0 0 0 0 0 0 0 0 1
11.585 2 ESTIMATOR 0. 0.
11.664 2 ACTUATORS 0,1740,1820,0,1600,0,0,1660
11.682 2 GPS 0 0 0 0 0 0 0 0 0 0 1
11.686 2 ESTIMATOR 0. 0.
11.687 2 ATTITUDE 0.095989 0. -1.317619
11.692 2 ENERGY 36.200001 0. 0 0.
11.782 2 GPS 0 0 0 0 0 0 0 0 0 0 1
11.786 2 ESTIMATOR 0. 0.
11.788 2 WP_MOVED 0 374931. 4223100. 75. 18
11.792 2 IR_SENSORS 511 -448 -959 63 511
11.796 2 ALIVE 54,110,190,96,169,124,173,33,158,55,200,223,8,194,89,24
11.816 2 NAVIGATION 0 7 0. 0. 0. 0. 0 0
11.818 2 COMMANDS 1920,3840,5760,7680
11.882 2 GPS 0 0 0 0 0 0 0 0 0 0 1
11.886 2 ESTIMATOR 0. 0.
11.887 2 PPRZ_MODE 1 0 0 0 0 17
11.904 2 DOWNLINK_STATUS 12 11461 522 0 999. 46. 9.05
11.914 2 ACTUATORS 0,1740,1820,0,1600,0,0,1660
11.984 2 GPS 0 0 0 0 0 0 0 0 0 0 1
11.986 2 ESTIMATOR 0. 0.
12.063 2 COMMANDS 1920,3840,5760,7680
12.068 2 NAVIGATION 0 7 0. 0. 0. 0. 0 0
12.083 2 GPS 0 0 0 0 0 0 0 0 0 0 1
12.086 2 ESTIMATOR 0. 0.
12.086 2 STATE_FILTER_STATUS 3 1533
12.164 2 ACTUATORS 0,1740,1820,0,1600,0,0,1660
12.182 2 GPS 0 0 0 0 0 0 0 0 0 0 1
12.187 2 ESTIMATOR 0. 0.
12.188 2 ATTITUDE 0.095989 0. -1.317619
12.283 2 GPS 0 0 0 0 0 0 0 0 0 0 1
12.284 2 ESTIMATOR 0. 0.
12.288 2 WP_MOVED 1 374889. 4223058. 75. 18
12.312 2 COMMANDS 1920,3840,5760,7680
12.319 2 NAVIGATION 0 7 0. 0. 0. 0. 0 0
12.384 2 GPS 0 0 0 0 0 0 0 0 0 0 1
12.387 2 ESTIMATOR 0. 0.
12.391 2 NAVIGATION 0 7 0. 0. 0. 0. 0 0
12.395 2 BAT 7680 362 1023 0 0 0 7 0 0
12.397 2 GPS_SOL 0 0 0 0
12.415 2 ACTUATORS 0,1740,1820,0,1600,0,0,1660
12.483 2 GPS 0 0 0 0 0 0 0 0 0 0 1
12.485 2 ESTIMATOR 0. 0.
12.486 2 DOWNLINK 0 937 757
12.563 2 COMMANDS 1920,3840,5760,7680
12.566 2 NAVIGATION 0 7 0. 0. 0. 0. 0 0
12.583 2 GPS 0 0 0 0 0 0 0 0 0 0 1
12.585 2 ESTIMATOR 0. 0.
12.593 2 DESIRED 0. 0. 0. 0. 0. 50. 0. 18.
12.657 2 WIND_INFO 2 42 0. 0. 0.
12.665 2 ACTUATORS 0,1740,1820,0,1600,0,0,1660
12.683 2 GPS 0 0 0 0 0 0 0 0 0 0 1
12.684 2 ESTIMATOR 0. 0.
12.689 2 ATTITUDE 0.095989 0. -1.317619
12.782 2 GPS 0 0 0 0 0 0 0 0 0 0 1
12.785 2 ESTIMATOR 0. 0.
12.789 2 WP_MOVED 0 374931. 4223100. 75. 18
12.791 2 DL_VALUE 11 1.31
12.813 2 COMMANDS 1920,3840,5760,7680
12.817 2 NAVIGATION 0 7 0. 0. 0. 0. 0 0
12.883 2 GPS 0 0 0 0 0 0 0 0 0 0 1
12.885 2 ESTIMATOR 0. 0.
12.905 2 DOWNLINK_STATUS 13 12398 565 0 937. 43. 9.05
12.916 2 ACTUATORS 0,1740,1820,0,1600,0,0,1660
12.982 2 GPS 0 0 0 0 0 0 0 0 0 0 1
12.984 2 ESTIMATOR 0. 0.
12.988 2 IR_SENSORS 511 -449 -960 62 511
13.063 2 COMMANDS 1920,3840,5760,7680
13.067 2 NAVIGATION 0 7 0. 0. 0. 0. 0 0
13.084 2 GPS 0 0 0 0 0 0 0 0 0 0 1
13.085 2 ESTIMATOR 0. 0.
13.165 2 ACTUATORS 0,1740,1820,0,1600,0,0,1660
13.183 2 GPS 0 0 0 0 0 0 0 0 0 0 1
13.185 2 ESTIMATOR 0. 0.
13.189 2 ATTITUDE 0.095989 0. -1.317619
13.284 2 GPS 0 0 0 0 0 0 0 0 0 0 1
13.285 2 ESTIMATOR 0. 0.
13.289 2 WP_MOVED 1 374889. 4223058. 75. 18
13.291 2 CALIBRATION 0. 0
13.314 2 COMMANDS 1920,3840,5760,7680
13.317 2 NAVIGATION 0 7 0. 0. 0. 0. 0 0
13.366 2 FBW_STATUS 0 0 0 362 0 1158
13.384 2 GPS 0 0 0 0 0 0 0 0 0 0 1
13.385 2 ESTIMATOR 0. 0.
13.389 2 NAVIGATION 0 7 0. 0. 0. 0. 0 0
13.416 2 ACTUATORS 0,1740,1820,0,1600,0,0,1660
13.484 2 GPS 0 0 0 0 0 0 0 0 0 0 1
13.485 2 ESTIMATOR 0. 0.
13.489 2 BAT 7680 362 1023 0 0 0 8 0 0
13.563 2 COMMANDS 1920,3840,5760,7680
13.567 2 NAVIGATION 0 7 0. 0. 0. 0. 0 0
13.584 2 GPS 0 0 0 0 0 0 0 0 0 0 1
13.585 2 ESTIMATOR 0. 0.
13.634 2 DESIRED 0. 0. 0. 0. 0. 50. 0. 18.
13.666 2 ACTUATORS 0,1740,1820,0,1600,0,0,1660
13.684 2 GPS 0 0 0 0 0 0 0 0 0 0 1
13.685 2 ESTIMATOR 0. 0.
13.690 2 ATTITUDE 0.095989 0. -1.317619
13.783 2 GPS 0 0 0 0 0 0 0 0 0 0 1
13.785 2 ESTIMATOR 0. 0.
13.790 2 WP_MOVED 0 374931. 4223100. 75. 18
13.814 2 COMMANDS 1920,3840,5760,7680
13.817 2 NAVIGATION 0 7 0. 0. 0. 0. 0 0
13.884 2 GPS 0 0 0 0 0 0 0 0 0 0 1
13.886 2 ESTIMATOR 0. 0.
13.907 2 DOWNLINK_STATUS 14 13331 607 0 933. 42. 9.05
13.916 2 ACTUATORS 0,1740,1820,0,1600,0,0,1660
13.983 2 GPS 0 0 0 0 0 0 0 0 0 0 1
13.985 2 ESTIMATOR 0. 0.
14.065 2 NAVIGATION 0 7 0. 0. 0. 0. 0 0
14.068 2 COMMANDS 1920,3840,5760,7680
14.084 2 GPS 0 0 0 0 0 0 0 0 0 0 1
14.086 2 ESTIMATOR 0. 0.
14.166 2 ACTUATORS 0,1740,1820,0,1600,0,0,1660
14.183 2 GPS 0 0 0 0 0 0 0 0 0 0 1
14.186 2 ESTIMATOR 0. 0.
14.190 2 ATTITUDE 0.097522 0. -1.317186
14.191 2 IR_SENSORS 511 -449 -960 62 511
14.196 2 ENERGY 36.200001 0. 0 0.
14.285 2 GPS 0 0 0 0 0 0 0 0 0 0 1
14.286 2 ESTIMATOR 0. 0.
14.290 2 WP_MOVED 1 374889. 4223058. 75. 18
14.292 2 DL_VALUE 12 0.785
14.314 2 COMMANDS 1920,3840,5760,7680
14.318 2 NAVIGATION 0 7 0. 0. 0. 0. 0 0
14.385 2 GPS 0 0 0 0 0 0 0 0 0 0 1
14.386 2 ESTIMATOR 0. 0.
14.390 2 NAVIGATION 0 7 0. 0. 0. 0. 0 0
14.394 2 GPS_SOL 0 0 0 0
14.417 2 ACTUATORS 0,1740,1820,0,1600,0,0,1660
14.484 2 GPS 0 0 0 0 0 0 0 0 0 0 1
14.486 2 ESTIMATOR 0. 0.
14.563 2 COMMANDS 1920,3840,5760,7680
14.568 2 NAVIGATION 0 7 0. 0. 0. 0. 0 0
14.584 2 GPS 0 0 0 0 0 0 0 0 0 0 1
14.586 2 ESTIMATOR 0. 0.
14.590 2 BAT 7680 362 1023 0 0 0 9 0 0
14.667 2 ACTUATORS 0,1740,1820,0,1600,0,0,1660
14.684 2 GPS 0 0 0 0 0 0 0 0 0 0 1
14.686 2 ESTIMATOR 0. 0.
14.691 2 ATTITUDE 0.095989 0. -1.317619
14.696 2 DESIRED 0. 0. 0. 0. 0. 50. 0. 18.
14.783 2 GPS 0 0 0 0 0 0 0 0 0 0 1
14.786 2 ESTIMATOR 0. 0.
14.790 2 WP_MOVED 0 374931. 4223100. 75. 18
14.816 2 NAVIGATION 0 7 0. 0. 0. 0. 0 0
14.818 2 COMMANDS 1920,3840,5760,7680
14.884 2 GPS 0 0 0 0 0 0 0 0 0 0 1
14.886 2 ESTIMATOR 0. 0.
14.908 2 DOWNLINK_STATUS 15 14284 650 0 953. 43. 9.05
14.917 2 ACTUATORS 0,1740,1820,0,1600,0,0,1660
14.985 2 GPS 0 0 0 0 0 0 0 0 0 0 1
14.986 2 ESTIMATOR 0. 0.
15.067 2 NAVIGATION 0 7 0. 0. 0. 0. 0 0
15.069 2 COMMANDS 1920,3840,5760,7680
15.084 2 GPS 0 0 0 0 0 0 0 0 0 0 1
15.087 2 ESTIMATOR 0. 0.
15.166 2 ACTUATORS 0,1740,1820,0,1600,0,0,1660
15.183 2 GPS 0 0 0 0 0 0 0 0 0 0 1
15.187 2 ESTIMATOR 0. 0.
15.189 2 ATTITUDE 0.095989 0. -1.317619
15.283 2 GPS 0 0 0 0 0 0 0 0 0 0 1
15.287 2 ESTIMATOR 0. 0.
15.291 2 WP_MOVED 1 374889. 4223058. 75. 18
15.293 2 NAVIGATION_REF 374889 4223058 18
15.314 2 COMMANDS 1920,3840,5760,7680
15.319 2 NAVIGATION 0 7 0. 0. 0. 0. 0 0
15.366 2 FBW_STATUS 0 0 0 362 0 1278
15.384 2 GPS 0 0 0 0 0 0 0 0 0 0 1
15.388 2 ESTIMATOR 0. 0.
15.392 2 NAVIGATION 0 7 0. 0. 0. 0. 0 0
15.394 2 IR_SENSORS 511 -449 -960 62 511
15.395 2 CALIBRATION 0. 0
15.416 2 ACTUATORS 0,1740,1820,0,1600,0,0,1660
15.417 2 PONG 
15.484 2 GPS 0 0 0 0 0 0 0 0 0 0 1
15.487 2 ESTIMATOR 0. 0.
15.567 2 NAVIGATION 0 7 0. 0. 0. 0. 0 0
15.569 2 COMMANDS 1920,3840,5760,7680
15.584 2 GPS 0 0 0 0 0 0 0 0 0 0 1
15.587 2 ESTIMATOR 0. 0.
15.667 2 ACTUATORS 0,1740,1820,0,1600,0,0,1660
15.684 2 GPS 0 0 0 0 0 0 0 0 0 0 1
15.686 2 ESTIMATOR 0. 0.
15.690 2 ATTITUDE 0.097522 0. -1.317186
15.695 2 BAT 7680 362 1023 0 0 0 10 0 0
15.734 2 DESIRED 0. 0. 0. 0. 0. 50. 0. 18.
15.785 2 GPS 0 0 0 0 0 0 0 0 0 0 1
15.786 2 ESTIMATOR 0. 0.
15.790 2 WP_MOVED 0 374931. 4223100. 75. 18
15.793 2 DL_VALUE 13 0.142
15.815 2 COMMANDS 1920,3840,5760,7680
15.818 2 NAVIGATION 0 7 0. 0. 0. 0. 0 0
15.884 2 GPS 0 0 0 0 0 0 0 0 0 0 1
15.886 2 ESTIMATOR 0. 0.
15.909 2 DOWNLINK_STATUS 16 15249 695 0 965. 45. 10.16
15.916 2 ACTUATORS 0,1740,1820,0,1600,0,0,1660
15.984 2 GPS 0 0 0 0 0 0 0 0 0 0 1
15.986 2 ESTIMATOR 0. 0.
16.065 2 COMMANDS 1920,3840,5760,7680
16.069 2 NAVIGATION 0 7 0. 0. 0. 0. 0 0
16.084 2 GPS 0 0 0 0 0 0 0 0 0 0 1
16.086 2 ESTIMATOR 0. 0.
16.167 2 ACTUATORS 0,1740,1820,0,1600,0,0,1660
16.185 2 GPS 0 0 0 0 0 0 0 0 0 0 1
16.186 2 ESTIMATOR 0. 0.
16.190 2 ATTITUDE 0.095989 0. -1.317619
16.285 2 GPS 0 0 0 0 0 0 0 0 0 0 1
16.287 2 ESTIMATOR 0. 0.
16.290 2 WP_MOVED 1 374889. 4223058. 75. 18
16.315 2 COMMANDS 1920,3840,5760,7680
16.318 2 NAVIGATION 0 7 0. 0. 0. 0. 0 0
16.384 2 GPS 0 0 0 0 0 0 0 0 0 0 1
16.386 2 ESTIMATOR 0. 0.
16.390 2 NAVIGATION 0 7 0. 0. 0. 0. 0 0
16.394 2 GPS_SOL 0 0 0 0
16.416 2 ACTUATORS 0,1740,1820,0,1600,0,0,1660
16.484 2 GPS 0 0 0 0 0 0 0 0 0 0 1
16.486 2 ESTIMATOR 0. 0.
16.564 2 COMMANDS 1920,3840,5760,7680
16.568 2 NAVIGATION 0 7 0. 0. 0. 0. 0 0
16.585 2 GPS 0 0 0 0 0 0 0 0 0 0 1
16.586 2 ESTIMATOR 0. 0.
16.591 2 IR_SENSORS 511 -449 -960 62 511
16.667 2 ACTUATORS 0,1740,1820,0,1600,0,0,1660
16.685 2 GPS 0 0 0 0 0 0 0 0 0 0 1
16.687 2 ESTIMATOR 0. 0.
16.691 2 ATTITUDE 0.095989 0. -1.317619
16.695 2 ENERGY 36.200001 0. 0 0.
16.785 2 GPS 0 0 0 0 0 0 0 0 0 0 1
16.786 2 ESTIMATOR 0. 0.
16.791 2 WP_MOVED 0 374931. 4223100. 75. 18
16.797 2 DESIRED 0. 0. 0. 0. 0. 50. 0. 18.
16.801 2 BAT 7680 362 1023 0 0 0 11 0 0
16.815 2 COMMANDS 1920,3840,5760,7680
16.819 2 NAVIGATION 0 7 0. 0. 0. 0. 0 0
16.885 2 GPS 0 0 0 0 0 0 0 0 0 0 1
16.886 2 ESTIMATOR 0. 0.
16.888 2 PPRZ_MODE 1 0 0 0 0 17
16.909 2 DOWNLINK_STATUS 17 16203 738 0 954. 43. 10.16
16.917 2 ACTUATORS 0,1740,1820,0,1600,0,0,1660
16.985 2 GPS 0 0 0 0 0 0 0 0 0 0 1
16.987 2 ESTIMATOR 0. 0.
17.065 2 COMMANDS 1920,3840,5760,7680
17.069 2 NAVIGATION 0 7 0. 0. 0. 0. 0 0
17.084 2 GPS 0 0 0 0 0 0 0 0 0 0 1
17.086 2 ESTIMATOR 0. 0.
17.088 2 STATE_FILTER_STATUS 3 1533
17.167 2 ACTUATORS 0,1740,1820,0,1600,0,0,1660
17.185 2 GPS 0 0 0 0 0 0 0 0 0 0 1
17.187 2 ESTIMATOR 0. 0.
17.191 2 ATTITUDE 0.095989 0. -1.317619
17.285 2 GPS 0 0 0 0 0 0 0 0 0 0 1
17.287 2 ESTIMATOR 0. 0.
17.291 2 WP_MOVED 1 374889. 4223058. 75. 18
17.294 2 DL_VALUE 14 0.4
17.315 2 COMMANDS 1920,3840,5760,7680
17.319 2 NAVIGATION 0 7 0. 0. 0. 0. 0 0
17.368 2 FBW_STATUS 0 0 0 362 0 1398
17.385 2 GPS 0 0 0 0 0 0 0 0 0 0 1
17.387 2 ESTIMATOR 0. 0.
17.391 2 NAVIGATION 0 7 0. 0. 0. 0. 0 0
17.417 2 ACTUATORS 0,1740,1820,0,1600,0,0,1660
17.485 2 GPS 0 0 0 0 0 0 0 0 0 0 1
17.487 2 ESTIMATOR 0. 0.
17.489 2 CALIBRATION 0. 0
17.568 2 NAVIGATION 0 7 0. 0. 0. 0. 0 0
17.569 2 COMMANDS 1920,3840,5760,7680
17.585 2 GPS 0 0 0 0 0 0 0 0 0 0 1
17.587 2 ESTIMATOR 0. 0.
17.589 2 DOWNLINK 1 946 978
17.668 2 ACTUATORS 0,1740,1820,0,1600,0,0,1660
17.685 2 GPS 0 0 0 0 0 0 0 0 0 0 1
17.687 2 ESTIMATOR 0. 0.
17.691 2 ATTITUDE 0.095989 0. -1.317619
17.785 2 GPS 0 0 0 0 0 0 0 0 0 0 1
17.787 2 ESTIMATOR 0. 0.
17.791 2 WP_MOVED 0 374931. 4223100. 75. 18
17.793 2 IR_SENSORS 511 -449 -960 62 511
17.815 2 COMMANDS 1920,3840,5760,7680
17.819 2 NAVIGATION 0 7 0. 0. 0. 0. 0 0
17.835 2 DESIRED 0. 0. 0. 0. 0. 50. 0. 18.
17.886 2 GPS 0 0 0 0 0 0 0 0 0 0 1
17.888 2 ESTIMATOR 0. 0.
17.891 2 BAT 7680 362 1023 0 0 0 12 0 0
17.910 2 DOWNLINK_STATUS 18 17167 783 0 964. 45. 10.16
17.917 2 ACTUATORS 0,1740,1820,0,1600,0,0,1660
17.985 2 GPS 0 0 0 0 0 0 0 0 0 0 1
17.987 2 ESTIMATOR 0. 0.
18.065 2 COMMANDS 1920,3840,5760,7680
18.070 2 NAVIGATION 0 7 0. 0. 0. 0. 0 0
18.085 2 GPS 0 0 0 0 0 0 0 0 0 0 1
18.087 2 ESTIMATOR 0. 0.
18.168 2 ACTUATORS 0,1740,1820,0,1600,0,0,1660
18.185 2 GPS 0 0 0 0 0 0 0 0 0 0 1
18.187 2 ESTIMATOR 0. 0.
18.191 2 ATTITUDE 0.095989 0. -1.317619
18.286 2 GPS 0 0 0 0 0 0 0 0 0 0 1
18.287 2 ESTIMATOR 0. 0.
18.291 2 WP_MOVED 1 374889. 4223058. 75. 18
18.315 2 COMMANDS 1920,3840,5760,7680
18.320 2 NAVIGATION 0 7 0. 0. 0. 0. 0 0
18.394 2 GPS 0 0 0 0 0 0 0 0 0 0 1
18.394 2 ESTIMATOR 0. 0.
18.394 2 NAVIGATION 0 7 0. 0. 0. 0. 0 0
18.396 2 GPS_SOL 0 0 0 0
18.418 2 ACTUATORS 0,1740,1820,0,1600,0,0,1660
18.486 2 GPS 0 0 0 0 0 0 0 0 0 0 1
18.488 2 ESTIMATOR 0. 0.
18.566 2 COMMANDS 1920,3840,5760,7680
18.569 2 NAVIGATION 0 7 0. 0. 0. 0. 0 0
18.586 2 GPS 0 0 0 0 0 0 0 0 0 0 1
18.588 2 ESTIMATOR 0. 0.
18.668 2 ACTUATORS 0,1740,1820,0,1600,0,0,1660
18.686 2 GPS 0 0 0 0 0 0 0 0 0 0 1
18.688 2 ESTIMATOR 0. 0.
18.692 2 ATTITUDE 0.095989 0. -1.317619
18.786 2 GPS 0 0 0 0 0 0 0 0 0 0 1
18.788 2 ESTIMATOR 0. 0.
18.792 2 WP_MOVED 0 374931. 4223100. 75. 18
18.792 2 DL_VALUE 15 0.008
18.816 2 COMMANDS 1920,3840,5760,7680
18.820 2 NAVIGATION 0 7 0. 0. 0. 0. 0 0
18.886 2 GPS 0 0 0 0 0 0 0 0 0 0 1
18.888 2 ESTIMATOR 0. 0.
18.894 2 DESIRED 0. 0. 0. 0. 0. 50. 0. 18.
18.911 2 DOWNLINK_STATUS 19 18061 823 0 894. 40. 10.16
18.916 2 ACTUATORS 0,1740,1820,0,1600,0,0,1660
18.986 2 GPS 0 0 0 0 0 0 0 0 0 0 1
18.987 2 ESTIMATOR 0. 0.
18.992 2 BAT 7680 362 1023 0 0 0 13 0 0
18.994 2 IR_SENSORS 511 -449 -960 62 511
19.068 2 NAVIGATION 0 7 0. 0. 0. 0. 0 0
19.070 2 COMMANDS 1920,3840,5760,7680
19.086 2 GPS 0 0 0 0 0 0 0 0 0 0 1
19.088 2 ESTIMATOR 0. 0.
19.168 2 ACTUATORS 0,1740,1820,0,1600,0,0,1660
19.186 2 GPS 0 0 0 0 0 0 0 0 0 0 1
19.188 2 ESTIMATOR 0. 0.
19.192 2 ATTITUDE 0.095989 0. -1.317619
19.195 2 ENERGY 36.200001 0. 0 0.
19.286 2 GPS 0 0 0 0 0 0 0 0 0 0 1
19.289 2 ESTIMATOR 0. 0.
19.293 2 WP_MOVED 1 374889. 4223058. 75. 18
19.317 2 NAVIGATION 0 7 0. 0. 0. 0. 0 0
19.320 2 COMMANDS 1920,3840,5760,7680
19.366 2 FBW_STATUS 0 0 0 362 0 1518
19.386 2 GPS 0 0 0 0 0 0 0 0 0 0 1
19.389 2 ESTIMATOR 0. 0.
19.393 2 NAVIGATION 0 7 0. 0. 0. 0. 0 0
19.416 2 ACTUATORS 0,1740,1820,0,1600,0,0,1660
19.487 2 GPS 0 0 0 0 0 0 0 0 0 0 1
19.488 2 ESTIMATOR 0. 0.
19.566 2 COMMANDS 1920,3840,5760,7680
19.570 2 NAVIGATION 0 7 0. 0. 0. 0. 0 0
19.587 2 GPS 0 0 0 0 0 0 0 0 0 0 1
19.588 2 ESTIMATOR 0. 0.
19.590 2 CALIBRATION 0. 0
19.666 2 ACTUATORS 0,1740,1820,0,1600,0,0,1660
19.686 2 GPS 0 0 0 0 0 0 0 0 0 0 1
19.689 2 ESTIMATOR 0. 0.
19.690 2 ATTITUDE 0.095989 0. -1.317619
19.785 2 GPS 0 0 0 0 0 0 0 0 0 0 1
19.788 2 ESTIMATOR 0. 0.
19.791 2 WP_MOVED 0 374931. 4223100. 75. 18
19.815 2 COMMANDS 1920,3840,5760,7680
19.819 2 NAVIGATION 0 7 0. 0. 0. 0. 0 0
19.886 2 GPS 0 0 0 0 0 0 0 0 0 0 1
19.888 2 ESTIMATOR 0. 0.
19.912 2 DOWNLINK_STATUS 20 18976 865 0 915. 42. 10.16
19.918 2 ACTUATORS 0,1740,1820,0,1600,0,0,1660
19.938 2 DESIRED 0. 0. 0. 0. 0. 50. 0. 18.
19.986 2 GPS 0 0 0 0 0 0 0 0 0 0 1
19.988 2 ESTIMATOR 0. 0.
20.065 2 COMMANDS 1920,3840,5760,7680
20.072 2 NAVIGATION 0 7 0. 0. 0. 0. 0 0
20.085 2 GPS 0 0 0 0 0 0 0 0 0 0 1
20.087 2 ESTIMATOR 0. 0.
20.091 2 BAT 7680 362 1023 0 0 0 15 0 0
20.167 2 ACTUATORS 0,1740,1820,0,1600,0,0,1660
20.185 2 GPS 0 0 0 0 0 0 0 0 0 0 1
20.190 2 ESTIMATOR 0. 0.
20.192 2 ATTITUDE 0.095989 0. -1.317619
20.194 2 IR_SENSORS 511 -449 -960 62 511
20.285 2 GPS 0 0 0 0 0 0 0 0 0 0 1
20.287 2 ESTIMATOR 0. 0.
20.291 2 WP_MOVED 1 374889. 4223058. 75. 18
20.294 2 DL_VALUE 16 0.25
20.315 2 COMMANDS 1920,3840,5760,7680
20.322 2 NAVIGATION 0 7 0. 0. 0. 0. 0 0
20.386 2 GPS 0 0 0 0 0 0 0 0 0 0 1
20.389 2 ESTIMATOR 0. 0.
20.393 2 NAVIGATION 0 7 0. 0. 0. 0. 0 0
20.395 2 GPS_SOL 0 0 0 0
20.413 2 PONG 
20.417 2 ACTUATORS 0,1740,1820,0,1600,0,0,1660
