1.328 2 GPS 0 0 0 0 0 0 0 0 0 0 1
1.334 2 ESTIMATOR 0. 0.
1.336 2 STATE_FILTER_STATUS 3 1533
1.410 2 ACTUATORS 1281,1217,1217,0,1426,0,1500,1740
1.428 2 GPS 0 0 0 0 0 0 0 0 0 0 1
1.430 2 ESTIMATOR 0. 0.
1.434 2 ATTITUDE 0.095989 0. -1.317619
1.528 2 GPS 0 0 0 0 0 0 0 0 0 0 1
1.530 2 ESTIMATOR 0. 0.
1.534 2 WP_MOVED 5 360266. 4813542. 75. 31
1.536 2 NAVIGATION_REF 360286 4813592 31
1.558 2 COMMANDS 2700,7679,-1425,5119,0
1.562 2 NAVIGATION 0 2 0. 0. 0. 0. 0 0
1.628 2 GPS 0 0 0 0 0 0 0 0 0 0 1
1.630 2 ESTIMATOR 0. 0.
1.634 2 NAVIGATION 0 2 0. 0. 0. 0. 0 0
1.640 2 BAT 2700 362 1023 0 0 1 677 0 0
1.643 2 GPS_SOL 0 0 0 0
1.660 2 ACTUATORS 1281,1259,1259,0,1426,0,1500,1922
1.729 2 GPS 0 0 0 0 0 0 0 0 0 0 1
1.730 2 ESTIMATOR 0. 0.
1.809 2 COMMANDS 2700,8427,-1425,4432,0
1.813 2 NAVIGATION 0 2 0. 0. 0. 0. 0 0
1.830 2 GPS 0 0 0 0 0 0 0 0 0 0 1
1.830 2 ESTIMATOR 0. 0.
1.911 2 ACTUATORS 1281,1270,1270,0,1426,0,1500,1938
1.929 2 GPS 0 0 0 0 0 0 0 0 0 0 1
1.931 2 ESTIMATOR 0. 0.
1.933 2 ATTITUDE 0.095989 0. -1.317619
1.934 2 CALIBRATION 0. 0
1.974 2 DOWNLINK_STATUS 2 1957 89 0 1000. 46. 0.
2.028 2 GPS 0 0 0 0 0 0 0 0 0 0 1
2.031 2 ESTIMATOR 0. 0.
2.034 2 WP_MOVED 6 360266. 4813567. 75. 31
2.036 2 DL_VALUE 17 0.
2.059 2 COMMANDS 2700,8427,-1425,4432,0
2.064 2 NAVIGATION 0 2 0. 0. 0. 0. 0 0
2.128 2 GPS 0 0 0 0 0 0 0 0 0 0 1
2.130 2 ESTIMATOR 0. 0.
2.160 2 ACTUATORS 1281,1270,1270,0,1426,0,1500,1938
2.228 2 GPS 0 0 0 0 0 0 0 0 0 0 1
2.230 2 ESTIMATOR 0. 0.
2.234 2 IR_SENSORS 511 -449 -960 62 511
2.280 2 DESIRED 0.65 -0.4 0. 0. 0. 50. 0. 18.
2.308 2 COMMANDS 2700,8427,-1425,4432,0
2.312 2 NAVIGATION 0 2 0. 0. 0. 0. 0 0
2.330 2 GPS 0 0 0 0 0 0 0 0 0 0 1
2.330 2 ESTIMATOR 0. 0.
2.411 2 ACTUATORS 1281,1288,1288,0,1426,0,1500,1968
2.428 2 GPS 0 0 0 0 0 0 0 0 0 0 1
2.430 2 ESTIMATOR 0. 0.
2.434 2 ATTITUDE 0.095989 0. -1.317619
2.529 2 GPS 0 0 0 0 0 0 0 0 0 0 1
2.531 2 ESTIMATOR 0. 0.
2.534 2 WP_MOVED 7 360266. 4813592. 75. 31
2.561 2 NAVIGATION 0 2 0. 0. 0. 0. 0 0
2.563 2 COMMANDS 2700,9600,-1425,-2092,0
2.609 2 FBW_STATUS 0 48 1 362 0 1
2.629 2 GPS 0 0 0 0 0 0 0 0 0 0 1
2.630 2 ESTIMATOR 0. 0.
2.634 2 NAVIGATION 0 2 0. 0. 0. 0. 0 0
2.661 2 ACTUATORS 1281,1652,1652,0,1426,0,1500,2000
2.729 2 GPS 0 0 0 0 0 0 0 0 0 0 1
2.730 2 ESTIMATOR 0. 0.
2.735 2 BAT 2700 362 1023 0 0 1 678 0 0
2.811 2 NAVIGATION 0 2 0. 0. 0. 0. 0 0
2.813 2 COMMANDS 2700,9600,-1425,-2337,0
2.829 2 GPS 0 0 0 0 0 0 0 0 0 0 1
2.830 2 ESTIMATOR 0. 0.
2.911 2 ACTUATORS 1281,1616,1616,0,1426,0,1500,2000
2.929 2 GPS 0 0 0 0 0 0 0 0 0 0 1
2.931 2 ESTIMATOR 0. 0.
2.935 2 ATTITUDE 0.095989 0. -1.317619
2.975 2 DOWNLINK_STATUS 3 2898 131 0 941. 42. 0.
3.029 2 GPS 0 0 0 0 0 0 0 0 0 0 1
3.031 2 ESTIMATOR 0. 0.
3.035 2 WP_MOVED 8 360266. 4813617. 75. 31
3.061 2 NAVIGATION 0 2 0. 0. 0. 0. 0 0
3.063 2 COMMANDS 2700,9600,-1425,-2337,0
3.129 2 GPS 0 0 0 0 0 0 0 0 0 0 1
3.130 2 ESTIMATOR 0. 0.
3.161 2 ACTUATORS 1281,1621,1621,0,1426,0,1500,2000
3.229 2 GPS 0 0 0 0 0 0 0 0 0 0 1
3.231 2 ESTIMATOR 0. 0.
3.309 2 COMMANDS 2700,9600,-1425,-2337,0
3.313 2 NAVIGATION 0 2 0. 0. 0. 0. 0 0
3.329 2 GPS 0 0 0 0 0 0 0 0 0 0 1
3.331 2 ESTIMATOR 0. 0.
3.337 2 DESIRED -0.21 0.79 0. 0. 0. 50. 0. 18.
3.411 2 ACTUATORS 1281,1626,1626,0,1426,0,1500,2000
3.429 2 GPS 0 0 0 0 0 0 0 0 0 0 1
3.430 2 ESTIMATOR 0. 0.
3.435 2 ATTITUDE 0.095989 0. -1.317619
3.437 2 IR_SENSORS 511 -449 -960 62 511
3.441 2 ENERGY 36.200001 0. 0 0.
3.529 2 GPS 0 0 0 0 0 0 0 0 0 0 1
3.531 2 ESTIMATOR 0. 0.
3.535 2 WP_MOVED 9 360266. 4813642. 75. 31
3.537 2 DL_VALUE 18 250.
3.559 2 COMMANDS 2700,9600,-1425,-2436,0
3.563 2 NAVIGATION 0 2 0. 0. 0. 0. 0 0
3.629 2 GPS 0 0 0 0 0 0 0 0 0 0 1
3.631 2 ESTIMATOR 0. 0.
3.635 2 NAVIGATION 0 2 0. 0. 0. 0. 0 0
3.639 2 GPS_SOL 0 0 0 0
3.661 2 ACTUATORS 1281,1626,1626,0,1426,0,1500,2000
3.729 2 GPS 0 0 0 0 0 0 0 0 0 0 1
3.731 2 ESTIMATOR 0. 0.
3.809 2 COMMANDS 2700,9600,-1425,-2337,0
3.813 2 NAVIGATION 0 2 0. 0. 0. 0. 0 0
3.829 2 GPS 0 0 0 0 0 0 0 0 0 0 1
3.831 2 ESTIMATOR 0. 0.
3.835 2 BAT 2700 362 1023 0 0 1 679 0 0
3.911 2 ACTUATORS 1281,1621,1621,0,1426,0,1500,2000
3.929 2 GPS 0 0 0 0 0 0 0 0 0 0 1
3.933 2 ESTIMATOR 0. 0.
3.935 2 ATTITUDE 0.095989 0. -1.317619
3.975 2 DOWNLINK_STATUS 4 3859 174 0 961. 43. 0.
4.030 2 GPS 0 0 0 0 0 0 0 0 0 0 1
4.031 2 ESTIMATOR 0. 0.
4.035 2 WP_MOVED 0 360328. 4813634. 75. 31
4.037 2 CALIBRATION 0. 0
4.060 2 COMMANDS 2700,9114,-1425,-2337,0
4.064 2 NAVIGATION 0 2 0. 0. 0. 0. 0 0
4.129 2 GPS 0 0 0 0 0 0 0 0 0 0 1
4.131 2 ESTIMATOR 0. 0.
4.162 2 ACTUATORS 1281,1621,1621,0,1426,0,1500,1981
4.229 2 GPS 0 0 0 0 0 0 0 0 0 0 1
4.231 2 ESTIMATOR 0. 0.
4.310 2 COMMANDS 2700,9426,-1425,-2337,0
4.314 2 NAVIGATION 0 2 0. 0. 0. 0. 0 0
4.330 2 GPS 0 0 0 0 0 0 0 0 0 0 1
4.332 2 ESTIMATOR 0. 0.
4.380 2 DESIRED -0.17 -0.22 0. 0. 0. 50. 0. 18.
4.410 2 ACTUATORS 1281,1603,1603,0,1426,0,1500,2000
4.430 2 GPS 0 0 0 0 0 0 0 0 0 0 1
4.431 2 ESTIMATOR 0. 0.
4.434 2 ATTITUDE 0.095989 0. -1.317619
4.530 2 GPS 0 0 0 0 0 0 0 0 0 0 1
4.531 2 ESTIMATOR 0. 0.
4.536 2 WP_MOVED 1 360286. 4813592. 75. 31
4.561 2 NAVIGATION 0 2 0. 0. 0. 0. 0 0
4.564 2 COMMANDS 2700,9600,-1425,-1749,0
4.610 2 FBW_STATUS 0 48 1 362 0 2
4.630 2 GPS 0 0 0 0 0 0 0 0 0 0 1
4.632 2 ESTIMATOR 0. 0.
4.636 2 NAVIGATION 0 2 0. 0. 0. 0. 0 0
4.640 2 IR_SENSORS 511 -449 -960 62 511
4.660 2 ACTUATORS 1281,1591,1591,0,1426,0,1500,2000
4.730 2 GPS 0 0 0 0 0 0 0 0 0 0 1
4.731 2 ESTIMATOR 0. 0.
4.734 2 DOWNLINK 8 957 29425
4.810 2 COMMANDS 2700,9600,-1425,-1062,0
4.814 2 NAVIGATION 0 2 0. 0. 0. 0. 0 0
4.830 2 GPS 0 0 0 0 0 0 0 0 0 0 1
4.832 2 ESTIMATOR 0. 0.
4.909 2 ACTUATORS 1281,1466,1466,0,1426,0,1500,2000
4.930 2 GPS 0 0 0 0 0 0 0 0 0 0 1
4.932 2 ESTIMATOR 0. 0.
4.933 2 ATTITUDE 0.095989 0. -1.317619
4.938 2 BAT 2700 362 1023 0 0 1 680 0 0
4.976 2 DOWNLINK_STATUS 5 4811 217 0 952. 43. 0.
5.030 2 GPS 0 0 0 0 0 0 0 0 0 0 1
5.032 2 ESTIMATOR 0. 0.
5.035 2 WP_MOVED 2 360306. 4813672. 75. 31
5.038 2 DL_VALUE 19 1.144
5.060 2 COMMANDS 2700,9600,-1425,753,0
5.064 2 NAVIGATION 0 2 0. 0. 0. 0. 0 0
5.130 2 GPS 0 0 0 0 0 0 0 0 0 0 1
5.132 2 ESTIMATOR 0. 0.
5.160 2 ACTUATORS 1281,1461,1461,0,1426,0,1500,2000
5.230 2 GPS 0 0 0 0 0 0 0 0 0 0 1
5.232 2 ESTIMATOR 0. 0.
5.312 2 NAVIGATION 0 2 0. 0. 0. 0. 0 0
5.314 2 COMMANDS 2700,9600,-1425,753,0
5.331 2 GPS 0 0 0 0 0 0 0 0 0 0 1
5.333 2 ESTIMATOR 0. 0.
5.410 2 ACTUATORS 1281,1461,1461,0,1426,0,1500,2000
5.430 2 GPS 0 0 0 0 0 0 0 0 0 0 1
5.432 2 ESTIMATOR 0. 0.
5.435 2 ATTITUDE 0.095989 0. -1.317619
5.442 2 DESIRED 0.19 0.79 0. 0. 0. 50. 0. 18.
5.480 2 PONG 
5.530 2 GPS 0 0 0 0 0 0 0 0 0 0 1
5.532 2 ESTIMATOR 0. 0.
5.536 2 WP_MOVED 3 360330.8125 4813694. 75. 31
5.561 2 COMMANDS 2700,9600,-1425,753,0
5.564 2 NAVIGATION 0 2 0. 0. 0. 0. 0 0
5.629 2 GPS 0 0 0 0 0 0 0 0 0 0 1
5.632 2 ESTIMATOR 0. 0.
5.636 2 NAVIGATION 0 2 0. 0. 0. 0. 0 0
5.641 2 GPS_SOL 0 0 0 0
5.660 2 ACTUATORS 1281,1461,1461,0,1426,0,1500,2000
5.731 2 GPS 0 0 0 0 0 0 0 0 0 0 1
5.732 2 ESTIMATOR 0. 0.
5.811 2 COMMANDS 2700,9600,-1425,753,0
5.815 2 NAVIGATION 0 2 0. 0. 0. 0. 0 0
5.831 2 GPS 0 0 0 0 0 0 0 0 0 0 1
5.833 2 ESTIMATOR 0. 0.
5.835 2 IR_SENSORS 511 -449 -960 62 511
5.912 2 ACTUATORS 1281,1461,1461,0,1426,0,1500,2000
5.930 2 GPS 0 0 0 0 0 0 0 0 0 0 1
5.932 2 ESTIMATOR 0. 0.
5.935 2 ATTITUDE 0.095989 0. -1.317619
5.938 2 ENERGY 36.200001 0. 0 0.
5.977 2 DOWNLINK_STATUS 6 5755 260 0 944. 43. 6.06
6.030 2 GPS 0 0 0 0 0 0 0 0 0 0 1
6.032 2 ESTIMATOR 0. 0.
6.036 2 WP_MOVED 4 360222.5 4813715. 75. 31
6.040 2 BAT 2700 362 1023 0 0 1 681 0 0
6.044 2 ALIVE 114,164,8,173,106,195,124,110,187,244,25,153,43,194,8,19
6.060 2 COMMANDS 2700,9600,-1425,753,0
6.064 2 NAVIGATION 0 2 0. 0. 0. 0. 0 0
6.130 2 GPS 0 0 0 0 0 0 0 0 0 0 1
6.132 2 ESTIMATOR 0. 0.
6.134 2 CALIBRATION 0. 0
6.136 2 PPRZ_MODE 1 0 0 0 0 21
6.162 2 ACTUATORS 1281,1461,1461,0,1426,0,1500,2000
6.230 2 GPS 0 0 0 0 0 0 0 0 0 0 1
6.232 2 ESTIMATOR 0. 0.
6.310 2 COMMANDS 2700,9600,-1425,753,0
6.315 2 NAVIGATION 0 2 0. 0. 0. 0. 0 0
6.330 2 GPS 0 0 0 0 0 0 0 0 0 0 1
6.332 2 ESTIMATOR 0. 0.
6.334 2 STATE_FILTER_STATUS 3 1533
6.428 2 ACTUATORS 1281,1431,1431,0,1426,0,1500,2000
6.429 2 GPS 0 0 0 0 0 0 0 0 0 0 1
6.433 2 ESTIMATOR 0. 0.
6.436 2 ATTITUDE 0.095989 0. -1.317619
6.482 2 DESIRED 0.66 -0.77 0. 0. 0. 50. 0. 18.
6.530 2 GPS 0 0 0 0 0 0 0 0 0 0 1
6.531 2 ESTIMATOR 0. 0.
6.536 2 WP_MOVED 5 360266. 4813542. 75. 31
6.537 2 DL_VALUE 20 1.2
6.562 2 COMMANDS 2700,4622,-1425,5463,0
6.566 2 NAVIGATION 0 2 0. 0. 0. 0. 0 0
6.612 2 FBW_STATUS 0 48 1 362 0 1
6.630 2 GPS 0 0 0 0 0 0 0 0 0 0 1
6.632 2 ESTIMATOR 0. 0.
6.638 2 NAVIGATION 0 2 0. 0. 0. 0. 0 0
6.662 2 ACTUATORS 1281,1216,1216,0,1426,0,1500,1740
6.730 2 GPS 0 0 0 0 0 0 0 0 0 0 1
6.734 2 ESTIMATOR 0. 0.
6.812 2 NAVIGATION 0 2 0. 0. 0. 0. 0 0
6.816 2 COMMANDS 2700,4622,-1425,5463,0
6.829 2 GPS 0 0 0 0 0 0 0 0 0 0 1
6.832 2 ESTIMATOR 0. 0.
6.912 2 ACTUATORS 1281,1216,1216,0,1426,0,1500,1740
6.930 2 GPS 0 0 0 0 0 0 0 0 0 0 1
6.932 2 ESTIMATOR 0. 0.
6.936 2 ATTITUDE 0.095989 0. -1.317619
6.978 2 DOWNLINK_STATUS 7 6735 305 0 980. 45. 6.06
7.030 2 GPS 0 0 0 0 0 0 0 0 0 0 1
7.031 2 ESTIMATOR 0. 0.
7.036 2 WP_MOVED 6 360266. 4813567. 75. 31
7.040 2 IR_SENSORS 511 -449 -960 62 511
7.062 2 COMMANDS 2700,4622,-1425,5463,0
7.066 2 NAVIGATION 0 2 0. 0. 0. 0. 0 0
7.130 2 GPS 0 0 0 0 0 0 0 0 0 0 1
7.131 2 ESTIMATOR 0. 0.
7.137 2 BAT 2700 362 1023 0 0 1 682 0 0
7.162 2 ACTUATORS 1281,1216,1216,0,1426,0,1500,1740
7.229 2 GPS 0 0 0 0 0 0 0 0 0 0 1
7.233 2 ESTIMATOR 0. 0.
7.312 2 COMMANDS 2700,4622,-1425,5463,0
7.316 2 NAVIGATION 0 2 0. 0. 0. 0. 0 0
7.329 2 GPS 0 0 0 0 0 0 0 0 0 0 1
7.334 2 ESTIMATOR 0. 0.
7.412 2 ACTUATORS 1281,1216,1216,0,1426,0,1500,1740
7.429 2 GPS 0 0 0 0 0 0 0 0 0 0 1
7.434 2 ESTIMATOR 0. 0.
7.436 2 ATTITUDE 0.095989 0. -1.317619
7.530 2 GPS 0 0 0 0 0 0 0 0 0 0 1
7.533 2 ESTIMATOR 0. 0.
7.536 2 WP_MOVED 7 360266. 4813592. 75. 31
7.544 2 DESIRED 0.78 -0.77 0. 0. 0. 50. 0. 18.
7.562 2 NAVIGATION 0 2 0. 0. 0. 0. 0 0
7.566 2 COMMANDS 2700,4622,-1425,5463,0
7.631 2 GPS 0 0 0 0 0 0 0 0 0 0 1
7.633 2 ESTIMATOR 0. 0.
7.637 2 NAVIGATION 0 2 0. 0. 0. 0. 0 0
7.641 2 GPS_SOL 0 0 0 0
7.663 2 ACTUATORS 1281,1216,1216,0,1426,0,1500,1740
7.731 2 GPS 0 0 0 0 0 0 0 0 0 0 1
7.733 2 ESTIMATOR 0. 0.
7.811 2 COMMANDS 2700,4622,-1425,5463,0
7.815 2 NAVIGATION 0 2 0. 0. 0. 0. 0 0
7.831 2 GPS 0 0 0 0 0 0 0 0 0 0 1
7.832 2 ESTIMATOR 0. 0.
7.913 2 ACTUATORS 1281,1216,1216,0,1426,0,1500,1740
7.931 2 GPS 0 0 0 0 0 0 0 0 0 0 1
7.933 2 ESTIMATOR 0. 0.
7.937 2 ATTITUDE 0.095989 0. -1.317619
7.979 2 DOWNLINK_STATUS 8 7665 346 0 930. 41. 6.06
8.031 2 GPS 0 0 0 0 0 0 0 0 0 0 1
8.033 2 ESTIMATOR 0. 0.
8.037 2 WP_MOVED 8 360266. 4813617. 75. 31
8.038 2 DL_VALUE 21 1.31
8.061 2 COMMANDS 2700,4622,-1425,5463,0
8.065 2 NAVIGATION 0 2 0. 0. 0. 0. 0 0
8.131 2 GPS 0 0 0 0 0 0 0 0 0 0 1
8.132 2 ESTIMATOR 0. 0.
8.163 2 ACTUATORS 1281,1216,1216,0,1426,0,1500,1740
8.231 2 GPS 0 0 0 0 0 0 0 0 0 0 1
8.232 2 ESTIMATOR 0. 0.
8.237 2 BAT 2700 362 1023 0 0 1 683 0 0
8.239 2 IR_SENSORS 511 -449 -960 62 511
8.240 2 CALIBRATION 0. 0
8.310 2 COMMANDS 2700,4622,-1425,5463,0
8.315 2 NAVIGATION 0 2 0. 0. 0. 0. 0 0
8.331 2 GPS 0 0 0 0 0 0 0 0 0 0 1
8.332 2 ESTIMATOR 0. 0.
8.413 2 ACTUATORS 1281,1216,1216,0,1426,0,1500,1740
8.431 2 GPS 0 0 0 0 0 0 0 0 0 0 1
8.433 2 ESTIMATOR 0. 0.
8.437 2 ATTITUDE 0.095989 0. -1.317619
8.439 2 ENERGY 36.200001 0. 0 0.
8.531 2 GPS 0 0 0 0 0 0 0 0 0 0 1
8.533 2 ESTIMATOR 0. 0.
8.537 2 WP_MOVED 9 360266. 4813642. 75. 31
8.561 2 COMMANDS 2700,4622,-1425,5463,0
8.565 2 NAVIGATION 0 2 0. 0. 0. 0. 0 0
8.581 2 DESIRED 0.78 -0.77 0. 0. 0. 50. 0. 18.
8.611 2 FBW_STATUS 0 49 1 362 0 1
8.631 2 GPS 0 0 0 0 0 0 0 0 0 0 1
8.633 2 ESTIMATOR 0. 0.
8.637 2 NAVIGATION 0 2 0. 0. 0. 0. 0 0
8.663 2 ACTUATORS 1281,1216,1216,0,1426,0,1500,1740
8.731 2 GPS 0 0 0 0 0 0 0 0 0 0 1
8.733 2 ESTIMATOR 0. 0.
8.835 2 COMMANDS 2700,4622,-1425,3500,0
8.835 2 NAVIGATION 0 2 0. 0. 0. 0. 0 0
8.835 2 GPS 0 0 0 0 0 0 0 0 0 0 1
8.835 2 ESTIMATOR 0. 0.
8.912 2 ACTUATORS 1281,1420,1420,0,1426,0,1500,2000
8.931 2 GPS 0 0 0 0 0 0 0 0 0 0 1
8.933 2 ESTIMATOR 0. 0.
8.936 2 ATTITUDE 0.095989 0. -1.317619
8.981 2 DOWNLINK_STATUS 9 8637 390 0 972. 44. 6.06
9.032 2 GPS 0 0 0 0 0 0 0 0 0 0 1
9.034 2 ESTIMATOR 0. 0.
9.036 2 WP_MOVED 0 360328. 4813634. 75. 31
9.061 2 COMMANDS 2700,9600,-1425,753,0
9.065 2 NAVIGATION 0 2 0. 0. 0. 0. 0 0
9.131 2 GPS 0 0 0 0 0 0 0 0 0 0 1
9.133 2 ESTIMATOR 0. 0.
9.163 2 ACTUATORS 1281,1484,1484,0,1426,0,1500,1834
9.231 2 GPS 0 0 0 0 0 0 0 0 0 0 1
9.233 2 ESTIMATOR 0. 0.
9.311 2 COMMANDS 2700,4622,-1425,5463,0
9.315 2 NAVIGATION 0 2 0. 0. 0. 0. 0 0
9.331 2 GPS 0 0 0 0 0 0 0 0 0 0 1
9.337 2 ESTIMATOR 0. 0.
9.337 2 BAT 2700 362 1023 0 0 1 685 0 0
9.413 2 ACTUATORS 1281,1216,1216,0,1426,0,1500,1740
9.431 2 GPS 0 0 0 0 0 0 0 0 0 0 1
9.433 2 ESTIMATOR 0. 0.
9.437 2 ATTITUDE 0.095989 0. -1.317619
9.439 2 IR_SENSORS 511 -449 -960 62 511
9.531 2 GPS 0 0 0 0 0 0 0 0 0 0 1
9.533 2 ESTIMATOR 0. 0.
9.537 2 WP_MOVED 1 360286. 4813592. 75. 31
9.539 2 DL_VALUE 22 0.785
9.561 2 COMMANDS 2700,4622,-1425,5463,0
9.565 2 NAVIGATION 0 2 0. 0. 0. 0. 0 0
9.631 2 GPS 0 0 0 0 0 0 0 0 0 0 1
9.633 2 ESTIMATOR 0. 0.
9.637 2 NAVIGATION 0 2 0. 0. 0. 0. 0 0
9.645 2 DESIRED 0.78 -0.77 0. 0. 0. 50. 0. 18.
9.647 2 GPS_SOL 0 0 0 0
9.664 2 ACTUATORS 1281,1216,1216,0,1426,0,1500,1740
9.732 2 GPS 0 0 0 0 0 0 0 0 0 0 1
9.733 2 ESTIMATOR 0. 0.
9.813 2 COMMANDS 2700,4622,-1425,5463,0
9.815 2 NAVIGATION 0 2 0. 0. 0. 0. 0 0
9.831 2 GPS 0 0 0 0 0 0 0 0 0 0 1
9.833 2 ESTIMATOR 0. 0.
9.835 2 DOWNLINK 8 0 29646
9.913 2 ACTUATORS 1281,1216,1216,0,1426,0,1500,1740
