3.242 1 ATTITUDE 0.097522 0. -1.317186
3.245 1 STATE_FILTER_STATUS 3 1533
3.342 1 ESTIMATOR 0. 0.
3.378 1 NAVIGATION 0 0 0. 0. 14400. 14400. 0 0
3.394 1 GPS 0 0 0 0 0 0 0 0 0 0 1
3.442 1 WP_MOVED 1 360285. 4813715. 250. 31
3.542 1 GPS_SOL 0 0 0 0
3.628 1 NAVIGATION 0 0 0. 0. 14400. 14400. 0 0
3.644 1 GPS 0 0 0 0 0 0 0 0 0 0 1
3.650 1 NAVIGATION 0 0 0. 0. 14400. 14400. 0 0
3.693 1 CIRCLE 0. 120. 100.
3.742 1 ATTITUDE 0.095989 0. -1.317619
3.797 1 DESIRED 0.01 -0.24 4.9 -100. 20. 210. 0.5 18.
3.842 1 ESTIMATOR 0. 0.
3.846 1 BAT 4950 182 0 0 0 646 646 0
3.878 1 NAVIGATION 0 0 0. 0. 14400. 14400. 0 0
3.894 1 GPS 0 0 0 0 0 0 0 0 0 0 1
3.942 1 WP_MOVED 0 360327. 4813637. 250. 31
3.944 1 DL_VALUE 2 210.
3.996 1 DOWNLINK_STATUS 4 2068 92 0 505. 23. 0.
4.129 1 NAVIGATION 0 0 0. 0. 14400. 14400. 0 0
4.144 1 GPS 0 0 0 0 0 0 0 0 0 0 1
4.148 1 IR_SENSORS 511 -449 -960 62 511
4.242 1 ATTITUDE 0.095989 0. -1.317619
4.342 1 ESTIMATOR 0. 0.
4.378 1 NAVIGATION 0 0 0. 0. 14400. 14400. 0 0
4.394 1 GPS 0 0 0 0 0 0 0 0 0 0 1
4.442 1 WP_MOVED 1 360285. 4813715. 250. 31
4.444 1 CALIBRATION 0. 1
4.628 1 NAVIGATION 0 0 0. 0. 14400. 14400. 0 0
4.644 1 GPS 0 0 0 0 0 0 0 0 0 0 1
4.650 1 NAVIGATION 0 0 0. 0. 14400. 14400. 0 0
4.742 1 ATTITUDE 0.095989 0. -1.317619
4.746 1 CIRCLE 0. 120. 100.
4.842 1 ESTIMATOR 0. 0.
4.848 1 DESIRED 0.01 -0.24 4.9 -100. 20. 210. 0.5 18.
4.876 1 NAVIGATION 0 0 0. 0. 14400. 14400. 0 0
4.894 1 GPS 0 0 0 0 0 0 0 0 0 0 1
4.942 1 WP_MOVED 0 360327. 4813637. 250. 31
4.946 1 BAT 4950 182 0 0 0 647 647 0
4.997 1 DOWNLINK_STATUS 5 2537 112 0 469. 20. 0.
5.124 1 FBW_STATUS 2 0 1 182 0
5.130 1 NAVIGATION 0 0 0. 0. 14400. 14400. 0 0
5.144 1 GPS 0 0 0 0 0 0 0 0 0 0 1
5.242 1 ATTITUDE 0.095989 0. -1.317619
5.342 1 ESTIMATOR 0. 0.
5.344 1 IR_SENSORS 511 -449 -960 62 511
5.348 1 ENERGY 18.200001 0. 0 0.
5.376 1 NAVIGATION 0 0 0. 0. 14400. 14400. 0 0
5.394 1 GPS 0 0 0 0 0 0 0 0 0 0 1
5.442 1 WP_MOVED 1 360285. 4813715. 250. 31
5.444 1 DL_VALUE 3 0.
5.498 1 PONG 
5.542 1 GPS_SOL 0 0 0 0
5.628 1 NAVIGATION 0 0 0. 0. 14400. 14400. 0 0
5.644 1 GPS 0 0 0 0 0 0 0 0 0 0 1
5.650 1 NAVIGATION 0 0 0. 0. 14400. 14400. 0 0
5.742 1 ATTITUDE 0.097522 0. -1.317186
5.793 1 CIRCLE 0. 120. 100.
5.842 1 ESTIMATOR 0. 0.
5.877 1 NAVIGATION 0 0 0. 0. 14400. 14400. 0 0
5.894 1 GPS 0 0 0 0 0 0 0 0 0 0 1
5.902 1 DESIRED 0.01 -0.24 4.9 -100. 20. 210. 0.5 18.
5.942 1 WP_MOVED 0 360327. 4813637. 250. 31
5.998 1 DOWNLINK_STATUS 6 3043 135 0 506. 23. 5.82
6.042 1 BAT 4950 182 0 0 0 648 648 0
6.044 1 DOWNLINK 0 0 14632
6.127 1 NAVIGATION 0 0 0. 0. 14400. 14400. 0 0
6.144 1 GPS 0 0 0 0 0 0 0 0 0 0 1
6.242 1 ATTITUDE 0.095989 0. -1.317619
6.342 1 ESTIMATOR 0. 0.
6.376 1 NAVIGATION 0 0 0. 0. 14400. 14400. 0 0
6.394 1 GPS 0 0 0 0 0 0 0 0 0 0 1
6.442 1 WP_MOVED 1 360285. 4813715. 250. 31
6.444 1 NAVIGATION_REF 360285 4813595 31
6.542 1 IR_SENSORS 511 -449 -960 62 511
6.544 1 CALIBRATION 0. 1
6.626 1 NAVIGATION 0 0 0. 0. 14400. 14400. 0 0
6.644 1 GPS 0 0 0 0 0 0 0 0 0 0 1
6.650 1 NAVIGATION 0 0 0. 0. 14400. 14400. 0 0
6.742 1 ATTITUDE 0.095989 0. -1.317619
6.842 1 ESTIMATOR 0. 0.
6.844 1 CIRCLE 0. 120. 100.
6.876 1 NAVIGATION 0 0 0. 0. 14400. 14400. 0 0
6.894 1 GPS 0 0 0 0 0 0 0 0 0 0 1
6.942 1 WP_MOVED 0 360327. 4813637. 250. 31
6.948 1 DESIRED 0.01 -0.24 4.9 -100. 20. 210. 0.5 18.
6.950 1 DL_VALUE 4 0.
6.999 1 DOWNLINK_STATUS 7 3549 158 0 506. 23. 5.82
7.124 1 FBW_STATUS 2 0 1 182 0
7.128 1 NAVIGATION 0 0 0. 0. 14400. 14400. 0 0
7.144 1 GPS 0 0 0 0 0 0 0 0 0 0 1
7.148 1 BAT 4950 182 0 0 0 650 650 0
7.224 1 COMMANDS 4950,9600,-450,-718,0
7.242 1 ATTITUDE 0.097522 0. -1.317186
7.326 1 ACTUATORS 1515,1524,1537,0,1477,0,1500,2000
7.342 1 ESTIMATOR 0. 0.
7.376 1 NAVIGATION 0 0 0. 0. 14400. 14400. 0 0
7.394 1 GPS 0 0 0 0 0 0 0 0 0 0 1
7.442 1 WP_MOVED 1 360285. 4813715. 250. 31
7.542 1 GPS_SOL 0 0 0 0
7.627 1 NAVIGATION 0 0 0. 0. 14400. 14400. 0 0
7.644 1 GPS 0 0 0 0 0 0 0 0 0 0 1
7.648 1 NAVIGATION 0 0 0. 0. 14400. 14400. 0 0
7.742 1 ATTITUDE 0.095989 0. -1.317619
7.744 1 IR_SENSORS 511 -448 -959 63 511
7.840 1 ESTIMATOR 0. 0.
7.844 1 ENERGY 18.200001 0. 0 0.
7.876 1 NAVIGATION 0 0 0. 0. 14400. 14400. 0 0
7.894 1 GPS 0 0 0 0 0 0 0 0 0 0 1
7.900 1 CIRCLE 0. 120. 100.
7.942 1 WP_MOVED 0 360327. 4813637. 250. 31
7.946 1 ALIVE 217,29,55,143,90,140,199,122,63,140,219,234,159,183,65,191
7.997 1 DESIRED 0.01 -0.24 4.9 -100. 20. 210. 0.5 18.
7.999 1 DOWNLINK_STATUS 8 4121 183 0 572. 25. 5.82
8.042 1 PPRZ_MODE 1 3 3 2 0 6
8.127 1 NAVIGATION 0 0 0. 0. 14400. 14400. 0 0
8.144 1 GPS 0 0 0 0 0 0 0 0 0 0 1
8.242 1 ATTITUDE 0.095989 0. -1.317619
8.246 1 BAT 4950 182 0 0 0 651 651 0
8.246 1 STATE_FILTER_STATUS 3 1533
8.342 1 ESTIMATOR 0. 0.
8.376 1 NAVIGATION 0 0 0. 0. 14400. 14400. 0 0
8.394 1 GPS 0 0 0 0 0 0 0 0 0 0 1
8.442 1 WP_MOVED 1 360285. 4813715. 250. 31
8.444 1 DL_VALUE 5 0.
8.627 1 NAVIGATION 0 0 0. 0. 14400. 14400. 0 0
8.645 1 GPS 0 0 0 0 0 0 0 0 0 0 1
8.649 1 NAVIGATION 0 0 0. 0. 14400. 14400. 0 0
8.651 1 CALIBRATION 0. 1
8.743 1 ATTITUDE 0.095989 0. -1.317619
8.841 1 ESTIMATOR 0. 0.
8.877 1 NAVIGATION 0 0 0. 0. 14400. 14400. 0 0
8.895 1 GPS 0 0 0 0 0 0 0 0 0 0 1
8.943 1 WP_MOVED 0 360327. 4813637. 250. 31
8.947 1 CIRCLE 0. 120. 100.
8.949 1 IR_SENSORS 511 -449 -960 62 511
8.999 1 DOWNLINK_STATUS 9 4584 205 0 463. 22. 5.82
9.047 1 DESIRED 0.01 -0.24 4.9 -100. 20. 210. 0.5 18.
9.125 1 FBW_STATUS 2 0 1 182 0
9.129 1 NAVIGATION 0 0 0. 0. 14400. 14400. 0 0
9.145 1 GPS 0 0 0 0 0 0 0 0 0 0 1
9.243 1 ATTITUDE 0.095989 0. -1.317619
9.341 1 ESTIMATOR 0. 0.
9.345 1 BAT 4950 182 0 0 0 652 652 0
9.377 1 NAVIGATION 0 0 0. 0. 14400. 14400. 0 0
9.395 1 GPS 0 0 0 0 0 0 0 0 0 0 1
9.443 1 WP_MOVED 1 360285. 4813715. 250. 31
9.543 1 GPS_SOL 0 0 0 0
9.627 1 NAVIGATION 0 0 0. 0. 14400. 14400. 0 0
9.645 1 GPS 0 0 0 0 0 0 0 0 0 0 1
9.649 1 NAVIGATION 0 0 0. 0. 14400. 14400. 0 0
9.743 1 ATTITUDE 0.095989 0. -1.317619
9.841 1 ESTIMATOR 0. 0.
9.877 1 NAVIGATION 0 0 0. 0. 14400. 14400. 0 0
9.895 1 GPS 0 0 0 0 0 0 0 0 0 0 1
9.943 1 WP_MOVED 0 360327. 4813637. 250. 31
9.945 1 DL_VALUE 6 100.
9.993 1 CIRCLE 0. 120. 100.
10.000 1 DOWNLINK_STATUS 10 5068 226 0 484. 21. 5.82
10.095 1 DESIRED 0.01 -0.24 4.9 -100. 20. 210. 0.5 18.
10.127 1 NAVIGATION 0 0 0. 0. 14400. 14400. 0 0
10.145 1 GPS 0 0 0 0 0 0 0 0 0 0 1
10.147 1 IR_SENSORS 511 -449 -960 62 511
10.243 1 ATTITUDE 0.095989 0. -1.317619
10.341 1 ESTIMATOR 0. 0.
10.345 1 ENERGY 18.200001 0. 0 0.
10.377 1 NAVIGATION 0 0 0. 0. 14400. 14400. 0 0
10.395 1 GPS 0 0 0 0 0 0 0 0 0 0 1
10.443 1 WP_MOVED 1 360285. 4813715. 250. 31
10.447 1 BAT 4950 182 0 0 0 653 653 0
10.499 1 PONG 
10.627 1 NAVIGATION 0 0 0. 0. 14400. 14400. 0 0
10.645 1 GPS 0 0 0 0 0 0 0 0 0 0 1
10.649 1 NAVIGATION 0 0 0. 0. 14400. 14400. 0 0
10.743 1 ATTITUDE 0.095989 0. -1.317619
10.745 1 CALIBRATION 0. 1
10.841 1 ESTIMATOR 0. 0.
10.877 1 NAVIGATION 0 0 0. 0. 14400. 14400. 0 0
10.895 1 GPS 0 0 0 0 0 0 0 0 0 0 1
10.943 1 WP_MOVED 0 360327. 4813637. 250. 31
11.001 1 DOWNLINK_STATUS 11 5545 247 0 477. 21. 5.83
11.043 1 CIRCLE 0. 120. 100.
11.125 1 FBW_STATUS 2 0 1 182 0
11.129 1 NAVIGATION 0 0 0. 0. 14400. 14400. 0 0
11.145 1 GPS 0 0 0 0 0 0 0 0 0 0 1
11.151 1 DESIRED 0.01 -0.24 4.9 -100. 20. 210. 0.5 18.
11.153 1 DOWNLINK 0 511 14748
11.243 1 ATTITUDE 0.097522 0. -1.317186
11.341 1 ESTIMATOR 0. 0.
11.345 1 IR_SENSORS 511 -449 -960 62 511
11.377 1 NAVIGATION 0 0 0. 0. 14400. 14400. 0 0
11.395 1 GPS 0 0 0 0 0 0 0 0 0 0 1
11.443 1 WP_MOVED 1 360285. 4813715. 250. 31
11.445 1 DL_VALUE 7 1.
11.543 1 BAT 4950 182 0 0 0 654 654 0
11.545 1 GPS_SOL 0 0 0 0
11.627 1 NAVIGATION 0 0 0. 0. 14400. 14400. 0 0
11.645 1 GPS 0 0 0 0 0 0 0 0 0 0 1
11.648 1 NAVIGATION 0 0 0. 0. 14400. 14400. 0 0
11.743 1 ATTITUDE 0.095989 0. -1.317619
11.841 1 ESTIMATOR 0. 0.
11.877 1 NAVIGATION 0 0 0. 0. 14400. 14400. 0 0
11.895 1 GPS 0 0 0 0 0 0 0 0 0 0 1
11.943 1 WP_MOVED 0 360327. 4813637. 250. 31
12.002 1 DOWNLINK_STATUS 12 6056 270 0 511. 23. 5.83
12.093 1 CIRCLE 0. 120. 100.
12.127 1 NAVIGATION 0 0 0. 0. 14400. 14400. 0 0
12.145 1 GPS 0 0 0 0 0 0 0 0 0 0 1
12.195 1 DESIRED 0.01 -0.24 4.9 -100. 20. 210. 0.5 18.
12.225 1 COMMANDS 4950,9600,-450,-718,0
12.243 1 ATTITUDE 0.095989 0. -1.317619
12.327 1 ACTUATORS 1515,1524,1537,0,1477,0,1500,2000
12.341 1 ESTIMATOR 0. 0.
12.377 1 NAVIGATION 0 0 0. 0. 14400. 14400. 0 0
12.395 1 GPS 0 0 0 0 0 0 0 0 0 0 1
12.443 1 WP_MOVED 1 360285. 4813715. 250. 31
12.541 1 IR_SENSORS 511 -448 -959 63 511
12.627 1 NAVIGATION 0 0 0. 0. 14400. 14400. 0 0
12.645 1 GPS 0 0 0 0 0 0 0 0 0 0 1
12.649 1 NAVIGATION 0 0 0. 0. 14400. 14400. 0 0
12.653 1 BAT 4950 182 0 0 0 655 655 0
12.743 1 ATTITUDE 0.095989 0. -1.317619
12.841 1 ESTIMATOR 0. 0.
12.843 1 CALIBRATION 0. 1
12.847 1 ENERGY 18.200001 0. 0 0.
12.877 1 NAVIGATION 0 0 0. 0. 14400. 14400. 0 0
12.895 1 GPS 0 0 0 0 0 0 0 0 0 0 1
12.943 1 WP_MOVED 0 360327. 4813637. 250. 31
12.945 1 DL_VALUE 8 0.
12.949 1 ALIVE 217,29,55,143,90,140,199,122,63,140,219,234,159,183,65,191
13.003 1 DOWNLINK_STATUS 13 6619 295 0 563. 25. 5.83
13.041 1 PPRZ_MODE 1 3 3 2 0 6
13.125 1 FBW_STATUS 2 0 1 182 0
13.129 1 NAVIGATION 0 0 0. 0. 14400. 14400. 0 0
13.145 1 GPS 0 0 0 0 0 0 0 0 0 0 1
13.147 1 CIRCLE 0. 120. 100.
13.243 1 ATTITUDE 0.095989 0. -1.317619
13.249 1 DESIRED 0.01 -0.24 4.9 -100. 20. 210. 0.5 18.
13.251 1 STATE_FILTER_STATUS 3 1533
13.341 1 ESTIMATOR 0. 0.
13.361 1 WIND_INFO 1 42 0. 0. 0.
13.377 1 NAVIGATION 0 0 0. 0. 14400. 14400. 0 0
13.395 1 GPS 0 0 0 0 0 0 0 0 0 0 1
13.443 1 WP_MOVED 1 360285. 4813715. 250. 31
13.541 1 GPS_SOL 0 0 0 0
13.627 1 NAVIGATION 0 0 0. 0. 14400. 14400. 0 0
13.645 1 GPS 0 0 0 0 0 0 0 0 0 0 1
13.649 1 NAVIGATION 0 0 0. 0. 14400. 14400. 0 0
13.743 1 ATTITUDE 0.095989 0. -1.317619
13.745 1 BAT 4950 182 0 0 0 656 656 0
13.749 1 IR_SENSORS 511 -449 -960 62 511
13.841 1 ESTIMATOR 0. 0.
13.877 1 NAVIGATION 0 0 0. 0. 14400. 14400. 0 0
13.895 1 GPS 0 0 0 0 0 0 0 0 0 0 1
13.943 1 WP_MOVED 0 360327. 4813637. 250. 31
14.003 1 DOWNLINK_STATUS 14 7129 318 0 510. 23. 5.83
14.127 1 NAVIGATION 0 0 0. 0. 14400. 14400. 0 0
14.145 1 GPS 0 0 0 0 0 0 0 0 0 0 1
14.193 1 CIRCLE 0. 120. 100.
14.243 1 ATTITUDE 0.095989 0. -1.317619
14.295 1 DESIRED 0.01 -0.24 4.9 -100. 20. 210. 0.5 18.
14.341 1 ESTIMATOR 0. 0.
14.377 1 NAVIGATION 0 0 0. 0. 14400. 14400. 0 0
14.395 1 GPS 0 0 0 0 0 0 0 0 0 0 1
14.443 1 WP_MOVED 1 360285. 4813715. 250. 31
14.445 1 DL_VALUE 9 0.
14.627 1 NAVIGATION 0 0 0. 0. 14400. 14400. 0 0
14.645 1 GPS 0 0 0 0 0 0 0 0 0 0 1
14.649 1 NAVIGATION 0 0 0. 0. 14400. 14400. 0 0
14.743 1 ATTITUDE 0.095989 0. -1.317619
14.841 1 ESTIMATOR 0. 0.
14.845 1 BAT 4950 182 0 0 0 657 657 0
14.877 1 NAVIGATION 0 0 0. 0. 14400. 14400. 0 0
14.895 1 GPS 0 0 0 0 0 0 0 0 0 0 1
14.943 1 WP_MOVED 0 360327. 4813637. 250. 31
14.945 1 IR_SENSORS 511 -449 -960 62 511
14.947 1 CALIBRATION 0. 1
15.004 1 DOWNLINK_STATUS 15 7609 339 0 480. 21. 5.83
15.127 1 NAVIGATION 0 0 0. 0. 14400. 14400. 0 0
15.129 1 FBW_STATUS 2 0 1 182 0
15.145 1 GPS 0 0 0 0 0 0 0 0 0 0 1
15.241 1 ATTITUDE 0.095989 0. -1.317619
15.245 1 CIRCLE 0. 120. 100.
15.341 1 ESTIMATOR 0. 0.
15.347 1 DESIRED 0.01 -0.24 4.9 -100. 20. 210. 0.5 18.
15.351 1 ENERGY 18.200001 0. 0 0.
15.377 1 NAVIGATION 0 0 0. 0. 14400. 14400. 0 0
15.395 1 GPS 0 0 0 0 0 0 0 0 0 0 1
15.443 1 WP_MOVED 1 360285. 4813715. 250. 31
15.445 1 NAVIGATION_REF 360285 4813595 31
15.499 1 PONG 
15.541 1 GPS_SOL 0 0 0 0
15.627 1 NAVIGATION 0 0 0. 0. 14400. 14400. 0 0
15.645 1 GPS 0 0 0 0 0 0 0 0 0 0 1
15.649 1 NAVIGATION 0 0 0. 0. 14400. 14400. 0 0
15.741 1 ATTITUDE 0.095989 0. -1.317619
15.841 1 ESTIMATOR 0. 0.
15.877 1 NAVIGATION 0 0 0. 0. 14400. 14400. 0 0
15.895 1 GPS 0 0 0 0 0 0 0 0 0 0 1
15.943 1 WP_MOVED 0 360327. 4813637. 250. 31
15.945 1 BAT 4950 182 0 0 0 658 658 0
15.947 1 DL_VALUE 10 0.
16.005 1 DOWNLINK_STATUS 16 8134 363 0 525. 24. 4.83
16.127 1 NAVIGATION 0 0 0. 0. 14400. 14400. 0 0
16.145 1 GPS 0 0 0 0 0 0 0 0 0 0 1
16.147 1 IR_SENSORS 511 -449 -960 62 511
16.241 1 ATTITUDE 0.095989 0. -1.317619
16.243 1 DOWNLINK 0 500 14863
16.291 1 CIRCLE 0. 120. 100.
16.341 1 ESTIMATOR 0. 0.
16.377 1 NAVIGATION 0 0 0. 0. 14400. 14400. 0 0
16.395 1 GPS 0 0 0 0 0 0 0 0 0 0 1
16.401 1 DESIRED 0.01 -0.24 4.9 -100. 20. 210. 0.5 18.
16.443 1 WP_MOVED 1 360285. 4813715. 250. 31
16.627 1 NAVIGATION 0 0 0. 0. 14400. 14400. 0 0
16.645 1 GPS 0 0 0 0 0 0 0 0 0 0 1
16.649 1 NAVIGATION 0 0 0. 0. 14400. 14400. 0 0
16.741 1 ATTITUDE 0.095989 0. -1.317619
16.841 1 ESTIMATOR 0. 0.
16.877 1 NAVIGATION 0 0 0. 0. 14400. 14400. 0 0
16.895 1 GPS 0 0 0 0 0 0 0 0 0 0 1
16.941 1 WP_MOVED 0 360327. 4813637. 250. 31
17.006 1 DOWNLINK_STATUS 17 8583 382 0 449. 19. 4.83
17.043 1 BAT 4950 182 0 0 0 659 659 0
17.045 1 CALIBRATION 0. 1
17.125 1 FBW_STATUS 2 0 1 182 0
17.129 1 NAVIGATION 0 0 0. 0. 14400. 14400. 0 0
17.145 1 GPS 0 0 0 0 0 0 0 0 0 0 1
17.225 1 COMMANDS 4950,9600,-450,-718,0
17.241 1 ATTITUDE 0.097522 0. -1.317186
17.325 1 ACTUATORS 1515,1524,1537,0,1477,0,1500,2000
17.341 1 ESTIMATOR 0. 0.
17.345 1 CIRCLE 0. 120. 100.
17.347 1 IR_SENSORS 511 -449 -960 62 511
17.377 1 NAVIGATION 0 0 0. 0. 14400. 14400. 0 0
17.395 1 GPS 0 0 0 0 0 0 0 0 0 0 1
17.443 1 WP_MOVED 1 360285. 4813715. 250. 31
17.449 1 DESIRED 0.01 -0.24 4.9 -100. 20. 210. 0.5 18.
17.451 1 DL_VALUE 0 0.
17.541 1 GPS_SOL 0 0 0 0
17.627 1 NAVIGATION 0 0 0. 0. 14400. 14400. 0 0
17.645 1 GPS 0 0 0 0 0 0 0 0 0 0 1
17.649 1 NAVIGATION 0 0 0. 0. 14400. 14400. 0 0
17.741 1 ATTITUDE 0.095989 0. -1.317619
17.841 1 ESTIMATOR 0. 0.
17.845 1 ENERGY 18.200001 0. 0 0.
17.877 1 NAVIGATION 0 0 0. 0. 14400. 14400. 0 0
17.895 1 GPS 0 0 0 0 0 0 0 0 0 0 1
17.941 1 WP_MOVED 0 360327. 4813637. 250. 31
17.945 1 ALIVE 217,29,55,143,90,140,199,122,63,140,219,234,159,183,65,191
18.007 1 DOWNLINK_STATUS 18 9177 409 0 594. 27. 4.83
18.041 1 PPRZ_MODE 1 3 3 2 0 6
18.127 1 NAVIGATION 0 0 0. 0. 14400. 14400. 0 0
18.145 1 GPS 0 0 0 0 0 0 0 0 0 0 1
18.147 1 BAT 4950 182 0 0 0 661 661 0
18.241 1 ATTITUDE 0.095989 0. -1.317619
18.243 1 STATE_FILTER_STATUS 3 1533
18.341 1 ESTIMATOR 0. 0.
18.377 1 NAVIGATION 0 0 0. 0. 14400. 14400. 0 0
18.395 1 GPS 0 0 0 0 0 0 0 0 0 0 1
18.397 1 CIRCLE 0. 120. 100.
18.441 1 WP_MOVED 1 360285. 4813715. 250. 31
18.495 1 DESIRED 0.01 -0.24 4.9 -100. 20. 210. 0.5 18.
18.541 1 IR_SENSORS 511 -449 -960 62 511
18.627 1 NAVIGATION 0 0 0. 0. 14400. 14400. 0 0
18.645 1 GPS 0 0 0 0 0 0 0 0 0 0 1
18.649 1 NAVIGATION 0 0 0. 0. 14400. 14400. 0 0
18.741 1 ATTITUDE 0.095989 0. -1.317619
18.841 1 ESTIMATOR 0. 0.
18.877 1 NAVIGATION 0 0 0. 0. 14400. 14400. 0 0
18.895 1 GPS 0 0 0 0 0 0 0 0 0 0 1
18.941 1 WP_MOVED 0 360327. 4813637. 250. 31
18.943 1 DL_VALUE 1 0.
19.008 1 DOWNLINK_STATUS 19 9667 431 0 490. 22. 4.83
19.127 1 NAVIGATION 0 0 0. 0. 14400. 14400. 0 0
19.129 1 FBW_STATUS 2 0 1 182 0
19.145 1 GPS 0 0 0 0 0 0 0 0 0 0 1
19.147 1 CALIBRATION 0. 1
19.241 1 ATTITUDE 0.095989 0. -1.317619
19.245 1 BAT 4950 182 0 0 0 662 662 0
19.341 1 ESTIMATOR 0. 0.
19.377 1 NAVIGATION 0 0 0. 0. 14400. 14400. 0 0
19.393 1 GPS 0 0 0 0 0 0 0 0 0 0 1
19.441 1 WP_MOVED 1 360285. 4813715. 250. 31
19.445 1 CIRCLE 0. 120. 100.
19.545 1 DESIRED 0.01 -0.24 4.9 -100. 20. 210. 0.5 18.
19.547 1 GPS_SOL 0 0 0 0
19.627 1 NAVIGATION 0 0 0. 0. 14400. 14400. 0 0
19.645 1 GPS 0 0 0 0 0 0 0 0 0 0 1
19.649 1 NAVIGATION 0 0 0. 0. 14400. 14400. 0 0
19.741 1 ATTITUDE 0.095989 0. -1.317619
19.745 1 IR_SENSORS 511 -449 -960 62 511
19.841 1 ESTIMATOR 0. 0.
19.877 1 NAVIGATION 0 0 0. 0. 14400. 14400. 0 0
19.895 1 GPS 0 0 0 0 0 0 0 0 0 0 1
19.941 1 WP_MOVED 0 360327. 4813637. 250. 31
20.009 1 DOWNLINK_STATUS 20 10167 453 0 500. 22. 4.83
20.127 1 NAVIGATION 0 0 0. 0. 14400. 14400. 0 0
20.145 1 GPS 0 0 0 0 0 0 0 0 0 0 1
20.241 1 ATTITUDE 0.095989 0. -1.317619
20.341 1 ESTIMATOR 0. 0.
20.345 1 BAT 4950 182 0 0 0 663 663 0
20.347 1 ENERGY 18.200001 0. 0 0.
20.377 1 NAVIGATION 0 0 0. 0. 14400. 14400. 0 0
20.393 1 GPS 0 0 0 0 0 0 0 0 0 0 1
20.441 1 WP_MOVED 1 360285. 4813715. 250. 31
20.443 1 DL_VALUE 2 210.
20.491 1 CIRCLE 0. 120. 100.
20.501 1 PONG 
20.595 1 DESIRED 0.01 -0.24 4.9 -100. 20. 210. 0.5 18.
20.627 1 NAVIGATION 0 0 0. 0. 14400. 14400. 0 0
20.645 1 GPS 0 0 0 0 0 0 0 0 0 0 1
20.649 1 NAVIGATION 0 0 0. 0. 14400. 14400. 0 0
20.741 1 ATTITUDE 0.095989 0. -1.317619
20.841 1 ESTIMATOR 0. 0.
20.877 1 NAVIGATION 0 0 0. 0. 14400. 14400. 0 0
20.893 1 GPS 0 0 0 0 0 0 0 0 0 0 1
20.941 1 WP_MOVED 0 360327. 4813637. 250. 31
20.945 1 IR_SENSORS 511 -449 -960 62 511
21.010 1 DOWNLINK_STATUS 21 10662 475 0 495. 22. 5.82
21.123 1 FBW_STATUS 2 0 1 182 0
21.129 1 NAVIGATION 0 0 0. 0. 14400. 14400. 0 0
21.143 1 GPS 0 0 0 0 0 0 0 0 0 0 1
21.241 1 ATTITUDE 0.095989 0. -1.317619
21.243 1 CALIBRATION 0. 1
21.341 1 ESTIMATOR 0. 0.
21.343 1 DOWNLINK 0 500 14977
21.377 1 NAVIGATION 0 0 0. 0. 14400. 14400. 0 0
21.393 1 GPS 0 0 0 0 0 0 0 0 0 0 1
21.441 1 WP_MOVED 1 360285. 4813715. 250. 31
21.445 1 BAT 4950 182 0 0 0 664 664 0
21.541 1 CIRCLE 0. 120. 100.
21.545 1 GPS_SOL 0 0 0 0
21.627 1 NAVIGATION 0 0 0. 0. 14400. 14400. 0 0
21.643 1 GPS 0 0 0 0 0 0 0 0 0 0 1
21.649 1 NAVIGATION 0 0 0. 0. 14400. 14400. 0 0
21.655 1 DESIRED 0.01 -0.24 4.9 -100. 20. 210. 0.5 18.
21.741 1 ATTITUDE 0.095989 0. -1.317619
21.841 1 ESTIMATOR 0. 0.
21.877 1 NAVIGATION 0 0 0. 0. 14400. 14400. 0 0
21.893 1 GPS 0 0 0 0 0 0 0 0 0 0 1
21.941 1 WP_MOVED 0 360327. 4813637. 250. 31
21.943 1 DL_VALUE 3 0.
22.011 1 DOWNLINK_STATUS 22 11168 498 0 506. 23. 5.82
22.127 1 NAVIGATION 0 0 0. 0. 14400. 14400. 0 0
22.143 1 GPS 0 0 0 0 0 0 0 0 0 0 1
22.147 1 IR_SENSORS 511 -449 -960 62 511
22.222 1 COMMANDS 4950,9600,-450,-718,0
22.241 1 ATTITUDE 0.095989 0. -1.317619
22.325 1 ACTUATORS 1515,1524,1537,0,1477,0,1500,2000
22.341 1 ESTIMATOR 0. 0.
22.377 1 NAVIGATION 0 0 0. 0. 14400. 14400. 0 0
22.393 1 GPS 0 0 0 0 0 0 0 0 0 0 1
22.441 1 WP_MOVED 1 360285. 4813715. 250. 31
22.541 1 BAT 4950 182 0 0 0 665 665 0
22.591 1 CIRCLE 0. 120. 100.
22.627 1 NAVIGATION 0 0 0. 0. 14400. 14400. 0 0
22.643 1 GPS 0 0 0 0 0 0 0 0 0 0 1
22.649 1 NAVIGATION 0 0 0. 0. 14400. 14400. 0 0
22.695 1 DESIRED 0.01 -0.24 4.9 -100. 20. 210. 0.5 18.
22.741 1 ATTITUDE 0.095989 0. -1.317619
22.841 1 ESTIMATOR 0. 0.
22.843 1 ENERGY 18.200001 0. 0 0.
22.875 1 NAVIGATION 0 0 0. 0. 14400. 14400. 0 0
22.893 1 GPS 0 0 0 0 0 0 0 0 0 0 1
22.941 1 WP_MOVED 0 360327. 4813637. 250. 31
22.945 1 ALIVE 217,29,55,143,90,140,199,122,63,140,219,234,159,183,65,191
23.012 1 DOWNLINK_STATUS 23 11709 521 0 541. 23. 5.82
23.041 1 PPRZ_MODE 1 3 3 2 0 6
23.123 1 FBW_STATUS 2 0 1 182 0
23.127 1 NAVIGATION 0 0 0. 0. 14400. 14400. 0 0
23.143 1 GPS 0 0 0 0 0 0 0 0 0 0 1
23.241 1 ATTITUDE 0.095989 0. -1.317619
23.243 1 STATE_FILTER_STATUS 3 1533
23.341 1 ESTIMATOR 0. 0.
23.343 1 IR_SENSORS 511 -449 -960 62 511
23.345 1 CALIBRATION 0. 1
23.361 1 WIND_INFO 1 42 0. 0. 0.
23.375 1 NAVIGATION 0 0 0. 0. 14400. 14400. 0 0
23.393 1 GPS 0 0 0 0 0 0 0 0 0 0 1
23.441 1 WP_MOVED 1 360285. 4813715. 250. 31
23.443 1 DL_VALUE 4 0.
23.541 1 GPS_SOL 0 0 0 0
23.625 1 NAVIGATION 0 0 0. 0. 14400. 14400. 0 0
23.643 1 GPS 0 0 0 0 0 0 0 0 0 0 1
23.649 1 NAVIGATION 0 0 0. 0. 14400. 14400. 0 0
23.651 1 CIRCLE 0. 120. 100.
23.655 1 BAT 4950 182 0 0 0 666 666 0
23.741 1 ATTITUDE 0.095989 0. -1.317619
23.747 1 DESIRED 0.01 -0.24 4.9 -100. 20. 210. 0.5 18.
23.841 1 ESTIMATOR 0. 0.
23.875 1 NAVIGATION 0 0 0. 0. 14400. 14400. 0 0
23.893 1 GPS 0 0 0 0 0 0 0 0 0 0 1
23.941 1 WP_MOVED 0 360327. 4813637. 250. 31
24.013 1 DOWNLINK_STATUS 24 12241 546 0 532. 25. 5.82
24.125 1 NAVIGATION 0 0 0. 0. 14400. 14400. 0 0
24.143 1 GPS 0 0 0 0 0 0 0 0 0 0 1
24.241 1 ATTITUDE 0.095989 0. -1.317619
24.341 1 ESTIMATOR 0. 0.
24.375 1 NAVIGATION 0 0 0. 0. 14400. 14400. 0 0
24.393 1 GPS 0 0 0 0 0 0 0 0 0 0 1
24.441 1 WP_MOVED 1 360285. 4813715. 250. 31
24.443 1 NAVIGATION_REF 360285 4813595 31
24.542 1 IR_SENSORS 511 -449 -960 62 511
24.625 1 NAVIGATION 0 0 0. 0. 14400. 14400. 0 0
24.643 1 GPS 0 0 0 0 0 0 0 0 0 0 1
24.647 1 NAVIGATION 0 0 0. 0. 14400. 14400. 0 0
24.691 1 CIRCLE 0. 120. 100.
24.740 1 ATTITUDE 0.095989 0. -1.317619
24.744 1 BAT 4950 182 0 0 0 667 667 0
24.795 1 DESIRED 0.01 -0.24 4.9 -100. 20. 210. 0.5 18.
24.840 1 ESTIMATOR 0. 0.
24.875 1 NAVIGATION 0 0 0. 0. 14400. 14400. 0 0
24.893 1 GPS 0 0 0 0 0 0 0 0 0 0 1
24.895 1 PPRZ_MODE 1 3 3 2 0 21
24.941 1 WP_MOVED 0 360327. 4813637. 250. 31
24.943 1 DL_VALUE 5 0.
25.013 1 DOWNLINK_STATUS 25 12737 568 0 496. 22. 5.82
25.123 1 FBW_STATUS 0 13 1 182 0
25.127 1 NAVIGATION 0 0 0. 0. 14400. 14400. 0 0
25.143 1 GPS 0 0 0 0 0 0 0 0 0 0 1
25.241 1 ATTITUDE 0.095989 0. -1.317619
25.341 1 ESTIMATOR 0. 0.
25.343 1 ENERGY 18.200001 0. 0 0.
25.375 1 NAVIGATION 0 0 0. 0. 14400. 14400. 0 0
25.393 1 GPS 0 0 0 0 0 0 0 0 0 0 1
25.441 1 WP_MOVED 1 360285. 4813715. 250. 31
25.443 1 CALIBRATION 0. 1
25.501 1 PONG 
25.541 1 GPS_SOL 0 0 0 0
25.625 1 NAVIGATION 0 0 0. 0. 14400. 14400. 0 0
25.643 1 GPS 0 0 0 0 0 0 0 0 0 0 1
25.647 1 NAVIGATION 0 0 0. 0. 14400. 14400. 0 0
25.741 1 ATTITUDE 0.095989 0. -1.317619
25.745 1 CIRCLE 0. 120. 100.
25.747 1 IR_SENSORS 511 -449 -960 62 511
25.839 1 ESTIMATOR 0. 0.
25.847 1 DESIRED 0.01 -0.24 4.9 -100. 20. 210. 0.5 18.
25.849 1 BAT 2700 182 0 0 0 668 668 0
25.875 1 NAVIGATION 0 0 0. 0. 14400. 14400. 0 0
25.893 1 GPS 0 0 0 0 0 0 0 0 0 0 1
25.941 1 WP_MOVED 0 360327. 4813637. 250. 31
26.014 1 DOWNLINK_STATUS 26 13263 592 0 526. 24. 5.49
26.125 1 NAVIGATION 0 0 0. 0. 14400. 14400. 0 0
26.143 1 GPS 0 0 0 0 0 0 0 0 0 0 1
26.241 1 ATTITUDE 0.095989 0. -1.317619
26.341 1 ESTIMATOR 0. 0.
26.375 1 NAVIGATION 0 0 0. 0. 14400. 14400. 0 0
26.393 1 GPS 0 0 0 0 0 0 0 0 0 0 1
26.441 1 WP_MOVED 1 360285. 4813715. 250. 31
26.443 1 DL_VALUE 6 100.
26.445 1 DOWNLINK 0 522 15096
26.625 1 NAVIGATION 0 0 0. 0. 14400. 14400. 0 0
26.643 1 GPS 0 0 0 0 0 0 0 0 0 0 1
26.647 1 NAVIGATION 0 0 0. 0. 14400. 14400. 0 0
26.741 1 ATTITUDE 0.095989 0. -1.317619
26.791 1 CIRCLE 0. 120. 100.
26.839 1 ESTIMATOR 0. 0.
26.875 1 NAVIGATION 0 0 0. 0. 14400. 14400. 0 0
26.893 1 GPS 0 0 0 0 0 0 0 0 0 0 1
26.899 1 DESIRED 0.01 -0.24 4.9 -100. 20. 210. 0.5 18.
26.941 1 WP_MOVED 0 360327. 4813637. 250. 31
26.945 1 BAT 2700 182 0 0 0 669 669 0
26.947 1 IR_SENSORS 511 -449 -960 62 511
27.015 1 DOWNLINK_STATUS 27 13743 613 0 480. 21. 5.49
27.123 1 FBW_STATUS 0 50 1 182 0
27.127 1 NAVIGATION 0 0 0. 0. 14400. 14400. 0 0
27.143 1 GPS 0 0 0 0 0 0 0 0 0 0 1
27.223 1 COMMANDS 2700,9600,-1425,-718,0
27.241 1 ATTITUDE 0.095989 0. -1.317619
27.325 1 ACTUATORS 1281,1525,1538,0,1426,0,1500,2000
27.339 1 ESTIMATOR 0. 0.
27.375 1 NAVIGATION 0 0 0. 0. 14400. 14400. 0 0
27.393 1 GPS 0 0 0 0 0 0 0 0 0 0 1
27.441 1 WP_MOVED 1 360285. 4813715. 250. 31
27.541 1 GPS_SOL 0 0 0 0
27.543 1 CALIBRATION 0. 1
27.625 1 NAVIGATION 0 0 0. 0. 14400. 14400. 0 0
27.643 1 GPS 0 0 0 0 0 0 0 0 0 0 1
27.647 1 NAVIGATION 0 0 0. 0. 14400. 14400. 0 0
27.741 1 ATTITUDE 0.095989 0. -1.317619
27.841 1 ESTIMATOR 0. 0.
27.843 1 CIRCLE 0. 120. 100.
27.847 1 ENERGY 18.200001 0. 0 0.
27.875 1 NAVIGATION 0 0 0. 0. 14400. 14400. 0 0
27.893 1 GPS 0 0 0 0 0 0 0 0 0 0 1
27.941 1 WP_MOVED 0 360327. 4813637. 250. 31
27.947 1 DESIRED 0.01 -0.24 4.9 -100. 20. 210. 0.5 18.
27.949 1 DL_VALUE 7 1.
27.953 1 ALIVE 217,29,55,143,90,140,199,122,63,140,219,234,159,183,65,191
28.016 1 DOWNLINK_STATUS 28 14301 638 0 558. 25. 5.49
28.041 1 BAT 2700 182 0 0 0 670 670 0
28.043 1 PPRZ_MODE 1 3 3 2 0 21
28.125 1 NAVIGATION 0 0 0. 0. 14400. 14400. 0 0
28.143 1 GPS 0 0 0 0 0 0 0 0 0 0 1
28.145 1 IR_SENSORS 511 -449 -960 62 511
28.241 1 ATTITUDE 0.095989 0. -1.317619
28.243 1 STATE_FILTER_STATUS 3 1533
28.339 1 ESTIMATOR 0. 0.
28.375 1 NAVIGATION 0 0 0. 0. 14400. 14400. 0 0
28.393 1 GPS 0 0 0 0 0 0 0 0 0 0 1
28.441 1 WP_MOVED 1 360285. 4813715. 250. 31
28.625 1 NAVIGATION 0 0 0. 0. 14400. 14400. 0 0
28.643 1 GPS 0 0 0 0 0 0 0 0 0 0 1
28.647 1 NAVIGATION 0 0 0. 0. 14400. 14400. 0 0
28.741 1 ATTITUDE 0.095989 0. -1.317619
28.839 1 ESTIMATOR 0. 0.
28.875 1 NAVIGATION 0 0 0. 0. 14400. 14400. 0 0
28.893 1 GPS 0 0 0 0 0 0 0 0 0 0 1
28.897 1 CIRCLE 0. 120. 100.
28.941 1 WP_MOVED 0 360327. 4813637. 250. 31
28.993 1 DESIRED 0.01 -0.24 4.9 -100. 20. 210. 0.5 18.
29.017 1 DOWNLINK_STATUS 29 14780 659 0 479. 21. 5.49
29.123 1 FBW_STATUS 0 50 1 182 0
29.127 1 NAVIGATION 0 0 0. 0. 14400. 14400. 0 0
29.143 1 GPS 0 0 0 0 0 0 0 0 0 0 1
29.147 1 BAT 2700 182 0 0 0 672 672 0
29.241 1 ATTITUDE 0.095989 0. -1.317619
29.339 1 ESTIMATOR 0. 0.
29.343 1 IR_SENSORS 511 -449 -960 62 511
29.375 1 NAVIGATION 0 0 0. 0. 14400. 14400. 0 0
29.393 1 GPS 0 0 0 0 0 0 0 0 0 0 1
29.441 1 WP_MOVED 1 360285. 4813715. 250. 31
29.443 1 DL_VALUE 8 0.
29.541 1 GPS_SOL 0 0 0 0
29.625 1 NAVIGATION 0 0 0. 0. 14400. 14400. 0 0
29.643 1 GPS 0 0 0 0 0 0 0 0 0 0 1
29.647 1 NAVIGATION 0 0 0. 0. 14400. 14400. 0 0
29.649 1 CALIBRATION 0. 1
29.741 1 ATTITUDE 0.095989 0. -1.317619
29.839 1 ESTIMATOR 0. 0.
29.875 1 NAVIGATION 0 0 0. 0. 14400. 14400. 0 0
29.893 1 GPS 0 0 0 0 0 0 0 0 0 0 1
29.941 1 WP_MOVED 0 360327. 4813637. 250. 31
29.943 1 CIRCLE 0. 120. 100.
30.017 1 DOWNLINK_STATUS 30 15253 681 0 473. 22. 5.49
30.043 1 DESIRED 0.01 -0.24 4.9 -100. 20. 210. 0.5 18.
30.125 1 NAVIGATION 0 0 0. 0. 14400. 14400. 0 0
30.143 1 GPS 0 0 0 0 0 0 0 0 0 0 1
30.241 1 ATTITUDE 0.095989 0. -1.317619
30.242 1 BAT 2700 182 0 0 0 673 673 0
30.339 1 ESTIMATOR 0. 0.
30.343 1 ENERGY 18.200001 0. 0 0.
30.375 1 NAVIGATION 0 0 0. 0. 14400. 14400. 0 0
30.393 1 GPS 0 0 0 0 0 0 0 0 0 0 1
30.441 1 WP_MOVED 1 360285. 4813715. 250. 31
30.501 1 PONG 
30.541 1 IR_SENSORS 511 -449 -960 62 511
30.625 1 NAVIGATION 0 0 0. 0. 14400. 14400. 0 0
30.643 1 GPS 0 0 0 0 0 0 0 0 0 0 1
30.647 1 NAVIGATION 0 0 0. 0. 14400. 14400. 0 0
30.741 1 ATTITUDE 0.095989 0. -1.317619
30.839 1 ESTIMATOR 0. 0.
30.875 1 NAVIGATION 0 0 0. 0. 14400. 14400. 0 0
30.893 1 GPS 0 0 0 0 0 0 0 0 0 0 1
30.941 1 WP_MOVED 0 360327. 4813637. 250. 31
30.943 1 DL_VALUE 9 0.
30.991 1 CIRCLE 0. 120. 100.
31.018 1 DOWNLINK_STATUS 31 15748 703 0 495. 22. 4.7
31.093 1 DESIRED 0.01 -0.24 4.9 -100. 20. 210. 0.5 18.
31.123 1 FBW_STATUS 0 50 1 182 0
31.127 1 NAVIGATION 0 0 0. 0. 14400. 14400. 0 0
31.143 1 GPS 0 0 0 0 0 0 0 0 0 0 1
31.241 1 ATTITUDE 0.095989 0. -1.317619
31.339 1 ESTIMATOR 0. 0.
31.343 1 BAT 2700 182 0 0 0 674 674 0
31.375 1 NAVIGATION 0 0 0. 0. 14400. 14400. 0 0
31.393 1 GPS 0 0 0 0 0 0 0 0 0 0 1
31.441 1 WP_MOVED 1 360285. 4813715. 250. 31
31.541 1 GPS_SOL 0 0 0 0
31.541 1 DOWNLINK 0 502 15210
31.625 1 NAVIGATION 0 0 0. 0. 14400. 14400. 0 0
31.643 1 GPS 0 0 0 0 0 0 0 0 0 0 1
31.647 1 NAVIGATION 0 0 0. 0. 14400. 14400. 0 0
31.741 1 ATTITUDE 0.095989 0. -1.317619
31.743 1 IR_SENSORS 511 -449 -960 62 511
31.744 1 CALIBRATION 0. 1
31.839 1 ESTIMATOR 0. 0.
31.875 1 NAVIGATION 0 0 0. 0. 14400. 14400. 0 0
31.893 1 GPS 0 0 0 0 0 0 0 0 0 0 1
31.941 1 WP_MOVED 0 360327. 4813637. 250. 31
32.019 1 DOWNLINK_STATUS 32 16241 725 0 493. 22. 4.7
32.041 1 CIRCLE 0. 120. 100.
32.125 1 NAVIGATION 0 0 0. 0. 14400. 14400. 0 0
32.143 1 GPS 0 0 0 0 0 0 0 0 0 0 1
32.149 1 DESIRED 0.01 -0.24 4.9 -100. 20. 210. 0.5 18.
32.223 1 COMMANDS 2700,9600,-1425,-718,0
32.241 1 ATTITUDE 0.095989 0. -1.317619
32.325 1 ACTUATORS 1281,1524,1537,0,1426,0,1500,2000
32.339 1 ESTIMATOR 0. 0.
32.375 1 NAVIGATION 0 0 0. 0. 14400. 14400. 0 0
32.393 1 GPS 0 0 0 0 0 0 0 0 0 0 1
32.441 1 WP_MOVED 1 360285. 4813715. 250. 31
32.443 1 BAT 2700 182 0 0 0 675 675 0
32.445 1 DL_VALUE 10 0.
32.625 1 NAVIGATION 0 0 0. 0. 14400. 14400. 0 0
32.643 1 GPS 0 0 0 0 0 0 0 0 0 0 1
32.647 1 NAVIGATION 0 0 0. 0. 14400. 14400. 0 0
32.741 1 ATTITUDE 0.095989 0. -1.317619
32.839 1 ESTIMATOR 0. 0.
32.847 1 ENERGY 18.200001 0. 0 0.
32.875 1 NAVIGATION 0 0 0. 0. 14400. 14400. 0 0
32.893 1 GPS 0 0 0 0 0 0 0 0 0 0 1
32.939 1 WP_MOVED 0 360327. 4813637. 250. 31
32.943 1 IR_SENSORS 511 -448 -959 63 511
32.947 1 ALIVE 217,29,55,143,90,140,199,122,63,140,219,234,159,183,65,191
33.020 1 DOWNLINK_STATUS 33 16793 749 0 552. 24. 4.7
33.039 1 PPRZ_MODE 1 3 3 2 0 21
33.089 1 CIRCLE 0. 120. 100.
33.125 1 NAVIGATION 0 0 0. 0. 14400. 14400. 0 0
33.127 1 FBW_STATUS 0 50 1 182 0
33.143 1 GPS 0 0 0 0 0 0 0 0 0 0 1
33.193 1 DESIRED 0.01 -0.24 4.9 -100. 20. 210. 0.5 18.
33.239 1 ATTITUDE 0.095989 0. -1.317619
33.241 1 STATE_FILTER_STATUS 3 1533
33.338 1 ESTIMATOR 0. 0.
33.361 1 WIND_INFO 1 42 0. 0. 0.
33.374 1 NAVIGATION 0 0 0. 0. 14400. 14400. 0 0
33.392 1 GPS 0 0 0 0 0 0 0 0 0 0 1
33.440 1 WP_MOVED 1 360285. 4813715. 250. 31
33.442 1 NAVIGATION_REF 360285 4813595 31
33.540 1 BAT 2700 182 0 0 0 676 676 0
33.542 1 GPS_SOL 0 0 0 0
33.624 1 NAVIGATION 0 0 0. 0. 14400. 14400. 0 0
33.642 1 GPS 0 0 0 0 0 0 0 0 0 0 1
33.646 1 NAVIGATION 0 0 0. 0. 14400. 14400. 0 0
33.740 1 ATTITUDE 0.095989 0. -1.317619
33.838 1 ESTIMATOR 0. 0.
33.840 1 CALIBRATION 0. 1
33.874 1 NAVIGATION 0 0 0. 0. 14400. 14400. 0 0
33.892 1 GPS 0 0 0 0 0 0 0 0 0 0 1
33.940 1 WP_MOVED 0 360327. 4813637. 250. 31
33.942 1 DL_VALUE 0 0.
34.021 1 DOWNLINK_STATUS 34 17324 774 0 531. 25. 4.7
34.124 1 NAVIGATION 0 0 0. 0. 14400. 14400. 0 0
34.142 1 GPS 0 0 0 0 0 0 0 0 0 0 1
34.144 1 CIRCLE 0. 120. 100.
34.148 1 IR_SENSORS 511 -449 -960 62 511
34.240 1 ATTITUDE 0.095989 0. -1.317619
34.246 1 DESIRED 0.01 -0.24 4.9 -100. 20. 210. 0.5 18.
34.338 1 ESTIMATOR 0. 0.
34.374 1 NAVIGATION 0 0 0. 0. 14400. 14400. 0 0
34.392 1 GPS 0 0 0 0 0 0 0 0 0 0 1
34.440 1 WP_MOVED 1 360285. 4813715. 250. 31
34.624 1 NAVIGATION 0 0 0. 0. 14400. 14400. 0 0
34.642 1 GPS 0 0 0 0 0 0 0 0 0 0 1
34.646 1 NAVIGATION 0 0 0. 0. 14400. 14400. 0 0
34.650 1 BAT 2700 182 0 0 0 677 677 0
34.740 1 ATTITUDE 0.095989 0. -1.317619
34.838 1 ESTIMATOR 0. 0.
34.874 1 NAVIGATION 0 0 0. 0. 14400. 14400. 0 0
34.892 1 GPS 0 0 0 0 0 0 0 0 0 0 1
34.940 1 WP_MOVED 0 360327. 4813637. 250. 31
35.021 1 DOWNLINK_STATUS 35 17782 793 0 458. 19. 4.7
35.122 1 FBW_STATUS 0 50 1 182 0
35.126 1 NAVIGATION 0 0 0. 0. 14400. 14400. 0 0
35.142 1 GPS 0 0 0 0 0 0 0 0 0 0 1
35.190 1 CIRCLE 0. 120. 100.
35.240 1 ATTITUDE 0.095989 0. -1.317619
35.292 1 DESIRED 0.01 -0.24 4.9 -100. 20. 210. 0.5 18.
35.338 1 ESTIMATOR 0. 0.
35.342 1 IR_SENSORS 511 -449 -960 62 511
35.344 1 ENERGY 18.200001 0. 0 0.
35.374 1 NAVIGATION 0 0 0. 0. 14400. 14400. 0 0
35.392 1 GPS 0 0 0 0 0 0 0 0 0 0 1
35.440 1 WP_MOVED 1 360285. 4813715. 250. 31
35.442 1 DL_VALUE 1 0.
35.502 1 PONG 
35.540 1 GPS_SOL 0 0 0 0
35.624 1 NAVIGATION 0 0 0. 0. 14400. 14400. 0 0
35.642 1 GPS 0 0 0 0 0 0 0 0 0 0 1
35.646 1 NAVIGATION 0 0 0. 0. 14400. 14400. 0 0
35.740 1 ATTITUDE 0.095989 0. -1.317619
35.742 1 BAT 2700 182 0 0 0 678 678 0
35.838 1 ESTIMATOR 0. 0.
35.874 1 NAVIGATION 0 0 0. 0. 14400. 14400. 0 0
35.892 1 GPS 0 0 0 0 0 0 0 0 0 0 1
35.940 1 WP_MOVED 0 360327. 4813637. 250. 31
35.942 1 CALIBRATION 0. 1
36.022 1 DOWNLINK_STATUS 36 18319 818 0 537. 25. 5.51
36.124 1 NAVIGATION 0 0 0. 0. 14400. 14400. 0 0
36.142 1 GPS 0 0 0 0 0 0 0 0 0 0 1
36.240 1 ATTITUDE 0.095989 0. -1.317619
36.242 1 CIRCLE 0. 120. 100.
36.338 1 ESTIMATOR 0. 0.
36.346 1 DESIRED 0.01 -0.24 4.9 -100. 20. 210. 0.5 18.
36.374 1 NAVIGATION 0 0 0. 0. 14400. 14400. 0 0
36.392 1 GPS 0 0 0 0 0 0 0 0 0 0 1
36.440 1 WP_MOVED 1 360285. 4813715. 250. 31
36.538 1 IR_SENSORS 511 -449 -960 62 511
36.624 1 NAVIGATION 0 0 0. 0. 14400. 14400. 0 0
36.642 1 GPS 0 0 0 0 0 0 0 0 0 0 1
36.646 1 NAVIGATION 0 0 0. 0. 14400. 14400. 0 0
36.648 1 DOWNLINK 0 517 15327
36.740 1 ATTITUDE 0.095989 0. -1.317619
36.838 1 ESTIMATOR 0. 0.
36.842 1 BAT 2700 182 0 0 0 679 679 0
36.874 1 NAVIGATION 0 0 0. 0. 14400. 14400. 0 0
36.892 1 GPS 0 0 0 0 0 0 0 0 0 0 1
36.940 1 WP_MOVED 0 360327. 4813637. 250. 31
36.942 1 DL_VALUE 2 210.
37.023 1 DOWNLINK_STATUS 37 18799 839 0 480. 21. 5.51
37.122 1 FBW_STATUS 0 49 1 182 0
37.126 1 NAVIGATION 0 0 0. 0. 14400. 14400. 0 0
37.142 1 GPS 0 0 0 0 0 0 0 0 0 0 1
37.222 1 COMMANDS 2700,9600,-1425,-718,0
37.240 1 ATTITUDE 0.095989 0. -1.317619
37.290 1 CIRCLE 0. 120. 100.
37.324 1 ACTUATORS 1281,1524,1537,0,1426,0,1500,2000
37.338 1 ESTIMATOR 0. 0.
37.374 1 NAVIGATION 0 0 0. 0. 14400. 14400. 0 0
37.392 1 GPS 0 0 0 0 0 0 0 0 0 0 1
37.398 1 DESIRED 0.01 -0.24 4.9 -100. 20. 210. 0.5 18.
37.440 1 WP_MOVED 1 360285. 4813715. 250. 31
37.538 1 GPS_SOL 0 0 0 0
37.624 1 NAVIGATION 0 0 0. 0. 14400. 14400. 0 0
37.642 1 GPS 0 0 0 0 0 0 0 0 0 0 1
37.646 1 NAVIGATION 0 0 0. 0. 14400. 14400. 0 0
37.740 1 ATTITUDE 0.095989 0. -1.317619
37.742 1 IR_SENSORS 511 -449 -960 62 511
37.838 1 ESTIMATOR 0. 0.
37.842 1 ENERGY 18.200001 0. 0 0.
37.874 1 NAVIGATION 0 0 0. 0. 14400. 14400. 0 0
37.892 1 GPS 0 0 0 0 0 0 0 0 0 0 1
37.940 1 WP_MOVED 0 360327. 4813637. 250. 31
37.942 1 BAT 2700 182 0 0 0 680 680 0
37.946 1 ALIVE 217,29,55,143,90,140,199,122,63,140,219,234,159,183,65,191
38.024 1 DOWNLINK_STATUS 38 19371 864 0 572. 25. 5.51
38.038 1 CALIBRATION 0. 1
38.040 1 PPRZ_MODE 1 3 3 2 0 21
38.124 1 NAVIGATION 0 0 0. 0. 14400. 14400. 0 0
38.142 1 GPS 0 0 0 0 0 0 0 0 0 0 1
38.240 1 ATTITUDE 0.097522 0. -1.317186
38.240 1 STATE_FILTER_STATUS 3 1533
38.338 1 ESTIMATOR 0. 0.
38.342 1 CIRCLE 0. 120. 100.
38.374 1 NAVIGATION 0 0 0. 0. 14400. 14400. 0 0
38.392 1 GPS 0 0 0 0 0 0 0 0 0 0 1
38.440 1 WP_MOVED 1 360285. 4813715. 250. 31
38.446 1 DESIRED 0.01 -0.24 4.9 -100. 20. 210. 0.5 18.
38.448 1 DL_VALUE 3 0.
38.624 1 NAVIGATION 0 0 0. 0. 14400. 14400. 0 0
38.642 1 GPS 0 0 0 0 0 0 0 0 0 0 1
38.646 1 NAVIGATION 0 0 0. 0. 14400. 14400. 0 0
38.740 1 ATTITUDE 0.095989 0. -1.317619
38.838 1 ESTIMATOR 0. 0.
38.874 1 NAVIGATION 0 0 0. 0. 14400. 14400. 0 0
38.892 1 GPS 0 0 0 0 0 0 0 0 0 0 1
38.940 1 WP_MOVED 0 360327. 4813637. 250. 31
38.942 1 IR_SENSORS 511 -449 -960 62 511
39.025 1 DOWNLINK_STATUS 39 19852 886 0 481. 22. 5.51
39.040 1 BAT 2700 182 0 0 0 681 681 0
39.122 1 FBW_STATUS 0 49 1 182 0
39.126 1 NAVIGATION 0 0 0. 0. 14400. 14400. 0 0
39.142 1 GPS 0 0 0 0 0 0 0 0 0 0 1
39.238 1 ATTITUDE 0.095989 0. -1.317619
39.338 1 ESTIMATOR 0. 0.
39.374 1 NAVIGATION 0 0 0. 0. 14400. 14400. 0 0
39.392 1 GPS 0 0 0 0 0 0 0 0 0 0 1
39.394 1 CIRCLE 0. 120. 100.
39.440 1 WP_MOVED 1 360285. 4813715. 250. 31
39.492 1 DESIRED 0.01 -0.24 4.9 -100. 20. 210. 0.5 18.
39.538 1 GPS_SOL 0 0 0 0
39.624 1 NAVIGATION 0 0 0. 0. 14400. 14400. 0 0
39.642 1 GPS 0 0 0 0 0 0 0 0 0 0 1
39.646 1 NAVIGATION 0 0 0. 0. 14400. 14400. 0 0
39.738 1 ATTITUDE 0.095989 0. -1.317619
39.838 1 ESTIMATOR 0. 0.
39.874 1 NAVIGATION 0 0 0. 0. 14400. 14400. 0 0
39.893 1 GPS 0 0 0 0 0 0 0 0 0 0 1
39.940 1 WP_MOVED 0 360327. 4813637. 250. 31
39.940 1 DL_VALUE 4 0.
40.025 1 DOWNLINK_STATUS 40 20336 907 0 484. 21. 5.51
40.124 1 NAVIGATION 0 0 0. 0. 14400. 14400. 0 0
40.142 1 GPS 0 0 0 0 0 0 0 0 0 0 1
40.144 1 BAT 2700 182 0 0 0 683 683 0
40.148 1 IR_SENSORS 511 -449 -960 62 511
40.150 1 CALIBRATION 0. 1
40.238 1 ATTITUDE 0.095989 0. -1.317619
40.338 1 ESTIMATOR 0. 0.
40.342 1 ENERGY 18.200001 0. 0 0.
40.374 1 NAVIGATION 0 0 0. 0. 14400. 14400. 0 0
40.392 1 GPS 0 0 0 0 0 0 0 0 0 0 1
40.440 1 WP_MOVED 1 360285. 4813715. 250. 31
40.442 1 CIRCLE 0. 120. 100.
40.502 1 PONG 
40.542 1 DESIRED 0.01 -0.24 4.9 -100. 20. 210. 0.5 18.
40.624 1 NAVIGATION 0 0 0. 0. 14400. 14400. 0 0
40.642 1 GPS 0 0 0 0 0 0 0 0 0 0 1
40.646 1 NAVIGATION 0 0 0. 0. 14400. 14400. 0 0
40.738 1 ATTITUDE 0.095989 0. -1.317619
40.838 1 ESTIMATOR 0. 0.
40.874 1 NAVIGATION 0 0 0. 0. 14400. 14400. 0 0
40.892 1 GPS 0 0 0 0 0 0 0 0 0 0 1
40.940 1 WP_MOVED 0 360327. 4813637. 250. 31
41.025 1 DOWNLINK_STATUS 41 20831 929 0 495. 22. 4.41
41.124 1 NAVIGATION 0 0 0. 0. 14400. 14400. 0 0
41.126 1 FBW_STATUS 0 49 1 182 0
41.142 1 GPS 0 0 0 0 0 0 0 0 0 0 1
41.238 1 ATTITUDE 0.095989 0. -1.317619
41.242 1 BAT 2700 182 0 0 0 684 684 0
41.338 1 ESTIMATOR 0. 0.
41.340 1 IR_SENSORS 511 -449 -960 62 511
41.374 1 NAVIGATION 0 0 0. 0. 14400. 14400. 0 0
41.392 1 GPS 0 0 0 0 0 0 0 0 0 0 1
41.440 1 WP_MOVED 1 360285. 4813715. 250. 31
41.440 1 DL_VALUE 5 0.
41.488 1 CIRCLE 0. 120. 100.
41.538 1 GPS_SOL 0 0 0 0
41.592 1 DESIRED 0.01 -0.24 4.9 -100. 20. 210. 0.5 18.
41.624 1 NAVIGATION 0 0 0. 0. 14400. 14400. 0 0
41.642 1 GPS 0 0 0 0 0 0 0 0 0 0 1
41.646 1 NAVIGATION 0 0 0. 0. 14400. 14400. 0 0
41.738 1 ATTITUDE 0.095989 0. -1.317619
41.740 1 DOWNLINK 0 508 15443
41.838 1 ESTIMATOR 0. 0.
41.874 1 NAVIGATION 0 0 0. 0. 14400. 14400. 0 0
41.892 1 GPS 0 0 0 0 0 0 0 0 0 0 1
41.938 1 WP_MOVED 0 360327. 4813637. 250. 31
42.026 1 DOWNLINK_STATUS 42 21342 952 0 511. 23. 4.41
42.125 1 NAVIGATION 0 0 0. 0. 14400. 14400. 0 0
42.142 1 GPS 0 0 0 0 0 0 0 0 0 0 1
42.222 1 COMMANDS 2700,9600,-1425,-718,0
42.238 1 ATTITUDE 0.095989 0. -1.317619
42.240 1 CALIBRATION 0. 1
42.323 1 ACTUATORS 1281,1524,1537,0,1426,0,1500,2000
42.339 1 ESTIMATOR 0. 0.
42.343 1 BAT 2700 182 0 0 0 685 685 0
42.375 1 NAVIGATION 0 0 0. 0. 14400. 14400. 0 0
42.391 1 GPS 0 0 0 0 0 0 0 0 0 0 1
42.439 1 WP_MOVED 1 360285. 4813715. 250. 31
42.443 1 NAVIGATION_REF 360285 4813595 31
42.539 1 CIRCLE 0. 120. 100.
42.543 1 IR_SENSORS 511 -449 -960 62 511
42.625 1 NAVIGATION 0 0 0. 0. 14400. 14400. 0 0
42.641 1 GPS 0 0 0 0 0 0 0 0 0 0 1
42.647 1 NAVIGATION 0 0 0. 0. 14400. 14400. 0 0
42.684 1 DESIRED 0.01 -0.24 4.9 -100. 20. 210. 0.5 18.
42.739 1 ATTITUDE 0.095989 0. -1.317619
42.839 1 ESTIMATOR 0. 0.
42.841 1 ENERGY 18.200001 0. 0 0.
42.873 1 NAVIGATION 0 0 0. 0. 14400. 14400. 0 0
42.891 1 GPS 0 0 0 0 0 0 0 0 0 0 1
42.939 1 WP_MOVED 0 360327. 4813637. 250. 31
42.941 1 DL_VALUE 6 100.
42.945 1 ALIVE 217,29,55,143,90,140,199,122,63,140,219,234,159,183,65,191
43.026 1 DOWNLINK_STATUS 43 21920 978 0 578. 26. 4.41
43.037 1 PPRZ_MODE 1 3 3 2 0 21
43.121 1 FBW_STATUS 0 49 1 182 0
43.125 1 NAVIGATION 0 0 0. 0. 14400. 14400. 0 0
43.141 1 GPS 0 0 0 0 0 0 0 0 0 0 1
43.239 1 ATTITUDE 0.095989 0. -1.317619
43.241 1 STATE_FILTER_STATUS 3 1533
43.339 1 ESTIMATOR 0. 0.
43.361 1 WIND_INFO 1 42 0. 0. 0.
43.373 1 NAVIGATION 0 0 0. 0. 14400. 14400. 0 0
43.391 1 GPS 0 0 0 0 0 0 0 0 0 0 1
43.439 1 WP_MOVED 1 360285. 4813715. 250. 31
43.443 1 BAT 2700 182 0 0 0 686 686 0
43.539 1 GPS_SOL 0 0 0 0
43.589 1 CIRCLE 0. 120. 100.
43.623 1 NAVIGATION 0 0 0. 0. 14400. 14400. 0 0
43.641 1 GPS 0 0 0 0 0 0 0 0 0 0 1
43.645 1 NAVIGATION 0 0 0. 0. 14400. 14400. 0 0
43.693 1 DESIRED 0.01 -0.24 4.9 -100. 20. 210. 0.5 18.
43.739 1 ATTITUDE 0.095989 0. -1.317619
43.741 1 IR_SENSORS 511 -449 -960 62 511
43.839 1 ESTIMATOR 0. 0.
43.873 1 NAVIGATION 0 0 0. 0. 14400. 14400. 0 0
43.891 1 GPS 0 0 0 0 0 0 0 0 0 0 1
43.939 1 WP_MOVED 0 360327. 4813637. 250. 31
44.027 1 DOWNLINK_STATUS 44 22430 1001 0 510. 23. 4.41
44.123 1 NAVIGATION 0 0 0. 0. 14400. 14400. 0 0
44.141 1 GPS 0 0 0 0 0 0 0 0 0 0 1
44.239 1 ATTITUDE 0.095989 0. -1.317619
44.337 1 ESTIMATOR 0. 0.
44.339 1 CALIBRATION 0. 1
44.372 1 NAVIGATION 0 0 0. 0. 14400. 14400. 0 0
44.391 1 GPS 0 0 0 0 0 0 0 0 0 0 1
44.439 1 WP_MOVED 1 360285. 4813715. 250. 31
44.441 1 DL_VALUE 7 1.
44.539 1 BAT 2700 182 0 0 0 687 687 0
44.623 1 NAVIGATION 0 0 0. 0. 14400. 14400. 0 0
44.641 1 GPS 0 0 0 0 0 0 0 0 0 0 1
44.645 1 NAVIGATION 0 0 0. 0. 14400. 14400. 0 0
44.649 1 CIRCLE 0. 120. 100.
44.739 1 ATTITUDE 0.095989 0. -1.317619
44.745 1 DESIRED 0.01 -0.24 4.9 -100. 20. 210. 0.5 18.
44.839 1 ESTIMATOR 0. 0.
44.873 1 NAVIGATION 0 0 0. 0. 14400. 14400. 0 0
44.891 1 GPS 0 0 0 0 0 0 0 0 0 0 1
44.939 1 WP_MOVED 0 360327. 4813637. 250. 31
44.941 1 IR_SENSORS 511 -449 -960 62 511
45.028 1 DOWNLINK_STATUS 45 22910 1022 0 480. 21. 4.41
45.121 1 FBW_STATUS 0 49 1 182 0
45.125 1 NAVIGATION 0 0 0. 0. 14400. 14400. 0 0
45.141 1 GPS 0 0 0 0 0 0 0 0 0 0 1
45.239 1 ATTITUDE 0.095989 0. -1.317619
45.337 1 ESTIMATOR 0. 0.
45.341 1 ENERGY 18.200001 0. 0 0.
45.373 1 NAVIGATION 0 0 0. 0. 14400. 14400. 0 0
45.391 1 GPS 0 0 0 0 0 0 0 0 0 0 1
45.439 1 WP_MOVED 1 360285. 4813715. 250. 31
45.503 1 PONG 
45.539 1 GPS_SOL 0 0 0 0
45.623 1 NAVIGATION 0 0 0. 0. 14400. 14400. 0 0
45.641 1 GPS 0 0 0 0 0 0 0 0 0 0 1
45.645 1 NAVIGATION 0 0 0. 0. 14400. 14400. 0 0
45.649 1 BAT 2700 182 0 0 0 688 688 0
45.690 1 CIRCLE 0. 120. 100.
45.739 1 ATTITUDE 0.095989 0. -1.317619
45.791 1 DESIRED 0.01 -0.24 4.9 -100. 20. 210. 0.5 18.
45.837 1 ESTIMATOR 0. 0.
45.873 1 NAVIGATION 0 0 0. 0. 14400. 14400. 0 0
45.891 1 GPS 0 0 0 0 0 0 0 0 0 0 1
45.939 1 WP_MOVED 0 360327. 4813637. 250. 31
45.941 1 DL_VALUE 8 0.
46.029 1 DOWNLINK_STATUS 46 23420 1045 0 510. 23. 5.06
46.123 1 NAVIGATION 0 0 0. 0. 14400. 14400. 0 0
46.141 1 GPS 0 0 0 0 0 0 0 0 0 0 1
46.143 1 IR_SENSORS 511 -449 -960 62 511
46.239 1 ATTITUDE 0.095989 0. -1.317619
46.337 1 ESTIMATOR 0. 0.
46.373 1 NAVIGATION 0 0 0. 0. 14400. 14400. 0 0
46.391 1 GPS 0 0 0 0 0 0 0 0 0 0 1
46.439 1 WP_MOVED 1 360285. 4813715. 250. 31
46.441 1 CALIBRATION 0. 1
46.623 1 NAVIGATION 0 0 0. 0. 14400. 14400. 0 0
46.641 1 GPS 0 0 0 0 0 0 0 0 0 0 1
46.645 1 NAVIGATION 0 0 0. 0. 14400. 14400. 0 0
46.739 1 ATTITUDE 0.095989 0. -1.317619
46.741 1 CIRCLE 0. 120. 100.
46.745 1 BAT 2700 182 0 0 0 689 689 0
46.838 1 ESTIMATOR 0. 0.
46.844 1 DESIRED 0.01 -0.24 4.9 -100. 20. 210. 0.5 18.
46.846 1 DOWNLINK 0 504 15558
46.873 1 NAVIGATION 0 0 0. 0. 14400. 14400. 0 0
46.891 1 GPS 0 0 0 0 0 0 0 0 0 0 1
46.939 1 WP_MOVED 0 360327. 4813637. 250. 31
47.029 1 DOWNLINK_STATUS 47 23900 1066 0 480. 21. 5.06
47.121 1 FBW_STATUS 0 49 1 182 0
47.125 1 NAVIGATION 0 0 0. 0. 14400. 14400. 0 0
47.141 1 GPS 0 0 0 0 0 0 0 0 0 0 1
47.221 1 COMMANDS 2700,9600,-1425,-718,0
47.239 1 ATTITUDE 0.095989 0. -1.317619
47.323 1 ACTUATORS 1281,1524,1537,0,1426,0,1500,2000
47.337 1 ESTIMATOR 0. 0.
47.339 1 IR_SENSORS 511 -449 -960 62 511
47.373 1 NAVIGATION 0 0 0. 0. 14400. 14400. 0 0
47.391 1 GPS 0 0 0 0 0 0 0 0 0 0 1
47.439 1 WP_MOVED 1 360285. 4813715. 250. 31
47.441 1 DL_VALUE 9 0.
47.537 1 GPS_SOL 0 0 0 0
47.623 1 NAVIGATION 0 0 0. 0. 14400. 14400. 0 0
47.641 1 GPS 0 0 0 0 0 0 0 0 0 0 1
47.645 1 NAVIGATION 0 0 0. 0. 14400. 14400. 0 0
47.737 1 ATTITUDE 0.095989 0. -1.317619
47.787 1 CIRCLE 0. 120. 100.
47.837 1 ESTIMATOR 0. 0.
47.841 1 BAT 2700 182 0 0 0 690 690 0
47.843 1 ENERGY 18.200001 0. 0 0.
47.873 1 NAVIGATION 0 0 0. 0. 14400. 14400. 0 0
47.891 1 GPS 0 0 0 0 0 0 0 0 0 0 1
47.897 1 DESIRED 0.01 -0.24 4.9 -100. 20. 210. 0.5 18.
47.939 1 WP_MOVED 0 360327. 4813637. 250. 31
47.943 1 ALIVE 217,29,55,143,90,140,199,122,63,140,219,234,159,183,65,191
48.030 1 DOWNLINK_STATUS 48 24483 1092 0 583. 26. 5.06
48.037 1 PPRZ_MODE 1 3 3 2 0 21
48.123 1 NAVIGATION 0 0 0. 0. 14400. 14400. 0 0
48.141 1 GPS 0 0 0 0 0 0 0 0 0 0 1
48.237 1 ATTITUDE 0.095989 0. -1.317619
48.239 1 STATE_FILTER_STATUS 3 1533
48.337 1 ESTIMATOR 0. 0.
48.373 1 NAVIGATION 0 0 0. 0. 14400. 14400. 0 0
48.391 1 GPS 0 0 0 0 0 0 0 0 0 0 1
48.439 1 WP_MOVED 1 360285. 4813715. 250. 31
48.539 1 IR_SENSORS 511 -449 -960 62 511
48.539 1 CALIBRATION 0. 1
48.623 1 NAVIGATION 0 0 0. 0. 14400. 14400. 0 0
48.641 1 GPS 0 0 0 0 0 0 0 0 0 0 1
48.645 1 NAVIGATION 0 0 0. 0. 14400. 14400. 0 0
48.739 1 ATTITUDE 0.095989 0. -1.317619
48.837 1 ESTIMATOR 0. 0.
48.841 1 CIRCLE 0. 120. 100.
48.873 1 NAVIGATION 0 0 0. 0. 14400. 14400. 0 0
48.891 1 GPS 0 0 0 0 0 0 0 0 0 0 1
48.939 1 WP_MOVED 0 360327. 4813637. 250. 31
48.945 1 DESIRED 0.01 -0.24 4.9 -100. 20. 210. 0.5 18.
48.949 1 BAT 2700 182 0 0 0 691 691 0
48.951 1 DL_VALUE 10 0.
49.030 1 DOWNLINK_STATUS 49 24984 1115 0 501. 23. 5.06
49.124 1 NAVIGATION 0 0 0. 0. 14400. 14400. 0 0
49.126 1 FBW_STATUS 0 49 1 182 0
49.142 1 GPS 0 0 0 0 0 0 0 0 0 0 1
49.238 1 ATTITUDE 0.095989 0. -1.317619
49.338 1 ESTIMATOR 0. 0.
49.374 1 NAVIGATION 0 0 0. 0. 14400. 14400. 0 0
49.390 1 GPS 0 0 0 0 0 0 0 0 0 0 1
49.438 1 WP_MOVED 1 360285. 4813715. 250. 31
49.538 1 GPS_SOL 0 0 0 0
49.624 1 NAVIGATION 0 0 0. 0. 14400. 14400. 0 0
49.640 1 GPS 0 0 0 0 0 0 0 0 0 0 1
49.646 1 NAVIGATION 0 0 0. 0. 14400. 14400. 0 0
49.738 1 ATTITUDE 0.095989 0. -1.317619
49.742 1 IR_SENSORS 511 -449 -960 62 511
49.838 1 ESTIMATOR 0. 0.
49.872 1 NAVIGATION 0 0 0. 0. 14400. 14400. 0 0
49.900 1 GPS 0 0 0 0 0 0 0 0 0 0 1
49.900 1 CIRCLE 0. 120. 100.
49.940 1 WP_MOVED 0 360327. 4813637. 250. 31
49.992 1 DESIRED 0.01 -0.24 4.9 -100. 20. 210. 0.5 18.
50.031 1 DOWNLINK_STATUS 50 25453 1135 0 469. 20. 5.06
50.037 1 BAT 2700 182 0 0 0 692 692 0
50.124 1 NAVIGATION 0 0 0. 0. 14400. 14400. 0 0
50.142 1 GPS 0 0 0 0 0 0 0 0 0 0 1
50.238 1 ATTITUDE 0.097522 0. -1.317186
50.338 1 ESTIMATOR 0. 0.
50.342 1 ENERGY 18.200001 0. 0 0.
50.374 1 NAVIGATION 0 0 0. 0. 14400. 14400. 0 0
50.392 1 GPS 0 0 0 0 0 0 0 0 0 0 1
50.438 1 WP_MOVED 1 360285. 4813715. 250. 31
50.439 1 DL_VALUE 0 0.
50.503 1 PONG 
50.624 1 NAVIGATION 0 0 0. 0. 14400. 14400. 0 0
50.642 1 GPS 0 0 0 0 0 0 0 0 0 0 1
50.646 1 NAVIGATION 0 0 0. 0. 14400. 14400. 0 0
50.647 1 CALIBRATION 0. 1
50.738 1 ATTITUDE 0.095989 0. -1.317619
50.838 1 ESTIMATOR 0. 0.
50.874 1 NAVIGATION 0 0 0. 0. 14400. 14400. 0 0
50.892 1 GPS 0 0 0 0 0 0 0 0 0 0 1
50.938 1 WP_MOVED 0 360327. 4813637. 250. 31
50.941 1 CIRCLE 0. 120. 100.
50.943 1 IR_SENSORS 511 -449 -960 62 511
51.031 1 DOWNLINK_STATUS 51 25921 1157 0 468. 22. 4.18
51.042 1 DESIRED 0.01 -0.24 4.9 -100. 20. 210. 0.5 18.
51.124 1 NAVIGATION 0 0 0. 0. 14400. 14400. 0 0
51.125 1 FBW_STATUS 0 49 1 182 0
51.142 1 GPS 0 0 0 0 0 0 0 0 0 0 1
51.144 1 BAT 2700 182 0 0 0 694 694 0
51.238 1 ATTITUDE 0.095989 0. -1.317619
51.338 1 ESTIMATOR 0. 0.
51.374 1 NAVIGATION 0 0 0. 0. 14400. 14400. 0 0
51.392 1 GPS 0 0 0 0 0 0 0 0 0 0 1
51.438 1 WP_MOVED 1 360285. 4813715. 250. 31
51.441 1 NAVIGATION_REF 360285 4813595 31
51.538 1 GPS_SOL 0 0 0 0
51.624 1 NAVIGATION 0 0 0. 0. 14400. 14400. 0 0
51.642 1 GPS 0 0 0 0 0 0 0 0 0 0 1
51.646 1 NAVIGATION 0 0 0. 0. 14400. 14400. 0 0
51.738 1 ATTITUDE 0.095989 0. -1.317619
51.838 1 ESTIMATOR 0. 0.
51.874 1 NAVIGATION 0 0 0. 0. 14400. 14400. 0 0
51.890 1 GPS 0 0 0 0 0 0 0 0 0 0 1
51.938 1 WP_MOVED 0 360327. 4813637. 250. 31
51.939 1 DL_VALUE 1 0.
51.941 1 DOWNLINK 0 508 15674
51.988 1 CIRCLE 0. 120. 100.
52.032 1 DOWNLINK_STATUS 52 26431 1180 0 510. 23. 4.18
52.092 1 DESIRED 0.01 -0.24 4.9 -100. 20. 210. 0.5 18.
52.124 1 NAVIGATION 0 0 0. 0. 14400. 14400. 0 0
52.140 1 GPS 0 0 0 0 0 0 0 0 0 0 1
52.143 1 IR_SENSORS 511 -449 -960 62 511
52.222 1 COMMANDS 2700,9600,-1425,-718,0
52.238 1 ATTITUDE 0.095989 0. -1.317619
52.242 1 BAT 2700 182 0 0 0 695 695 0
52.322 1 ACTUATORS 1281,1524,1537,0,1426,0,1500,2000
52.338 1 ESTIMATOR 0. 0.
52.374 1 NAVIGATION 0 0 0. 0. 14400. 14400. 0 0
52.391 1 GPS 0 0 0 0 0 0 0 0 0 0 1
52.438 1 WP_MOVED 1 360285. 4813715. 250. 31
52.624 1 NAVIGATION 0 0 0. 0. 14400. 14400. 0 0
52.640 1 GPS 0 0 0 0 0 0 0 0 0 0 1
52.646 1 NAVIGATION 0 0 0. 0. 14400. 14400. 0 0
52.737 1 ATTITUDE 0.095989 0. -1.317619
52.739 1 CALIBRATION 0. 1
52.838 1 ESTIMATOR 0. 0.
52.841 1 ENERGY 18.200001 0. 0 0.
52.874 1 NAVIGATION 0 0 0. 0. 14400. 14400. 0 0
52.890 1 GPS 0 0 0 0 0 0 0 0 0 0 1
52.938 1 WP_MOVED 0 360327. 4813637. 250. 31
52.942 1 ALIVE 217,29,55,143,90,140,199,122,63,140,219,234,159,183,65,191
53.032 1 DOWNLINK_STATUS 53 26965 1203 0 534. 23. 4.18
53.037 1 CIRCLE 0. 120. 100.
53.039 1 PPRZ_MODE 1 3 3 2 0 21
53.120 1 FBW_STATUS 0 49 1 182 0
53.126 1 NAVIGATION 0 0 0. 0. 14400. 14400. 0 0
53.140 1 GPS 0 0 0 0 0 0 0 0 0 0 1
53.148 1 DESIRED 0.01 -0.24 4.9 -100. 20. 210. 0.5 18.
53.238 1 ATTITUDE 0.095989 0. -1.317619
53.239 1 STATE_FILTER_STATUS 3 1533
53.338 1 ESTIMATOR 0. 0.
53.341 1 BAT 2700 182 0 0 0 696 696 0
53.343 1 IR_SENSORS 511 -449 -960 62 511
53.361 1 WIND_INFO 1 42 0. 0. 0.
53.374 1 NAVIGATION 0 0 0. 0. 14400. 14400. 0 0
53.390 1 GPS 0 0 0 0 0 0 0 0 0 0 1
53.438 1 WP_MOVED 1 360285. 4813715. 250. 31
53.439 1 DL_VALUE 2 210.
53.537 1 GPS_SOL 0 0 0 0
53.624 1 NAVIGATION 0 0 0. 0. 14400. 14400. 0 0
53.639 1 GPS 0 0 0 0 0 0 0 0 0 0 1
53.646 1 NAVIGATION 0 0 0. 0. 14400. 14400. 0 0
53.738 1 ATTITUDE 0.095989 0. -1.317619
53.838 1 ESTIMATOR 0. 0.
53.874 1 NAVIGATION 0 0 0. 0. 14400. 14400. 0 0
53.890 1 GPS 0 0 0 0 0 0 0 0 0 0 1
53.938 1 WP_MOVED 0 360327. 4813637. 250. 31
54.033 1 DOWNLINK_STATUS 54 27486 1227 0 521. 24. 4.18
54.088 1 CIRCLE 0. 120. 100.
54.124 1 NAVIGATION 0 0 0. 0. 14400. 14400. 0 0
54.141 1 GPS 0 0 0 0 0 0 0 0 0 0 1
54.191 1 DESIRED 0.01 -0.24 4.9 -100. 20. 210. 0.5 18.
54.237 1 ATTITUDE 0.095989 0. -1.317619
54.337 1 ESTIMATOR 0. 0.
54.373 1 NAVIGATION 0 0 0. 0. 14400. 14400. 0 0
54.389 1 GPS 0 0 0 0 0 0 0 0 0 0 1
54.437 1 WP_MOVED 1 360285. 4813715. 250. 31
54.441 1 BAT 2700 182 0 0 0 697 697 0
54.537 1 IR_SENSORS 511 -449 -960 62 511
54.623 1 NAVIGATION 0 0 0. 0. 14400. 14400. 0 0
54.639 1 GPS 0 0 0 0 0 0 0 0 0 0 1
54.645 1 NAVIGATION 0 0 0. 0. 14400. 14400. 0 0
54.737 1 ATTITUDE 0.095989 0. -1.317619
54.837 1 ESTIMATOR 0. 0.
54.839 1 CALIBRATION 0. 1
54.873 1 NAVIGATION 0 0 0. 0. 14400. 14400. 0 0
54.889 1 GPS 0 0 0 0 0 0 0 0 0 0 1
54.937 1 WP_MOVED 0 360327. 4813637. 250. 31
54.939 1 DL_VALUE 3 0.
55.033 1 DOWNLINK_STATUS 55 27966 1248 0 480. 21. 4.18
55.119 1 FBW_STATUS 0 49 1 182 0
55.126 1 NAVIGATION 0 0 0. 0. 14400. 14400. 0 0
55.139 1 GPS 0 0 0 0 0 0 0 0 0 0 1
55.143 1 CIRCLE 0. 120. 100.
55.237 1 ATTITUDE 0.095989 0. -1.317619
55.243 1 DESIRED 0.01 -0.24 4.9 -100. 20. 210. 0.5 18.
55.337 1 ESTIMATOR 0. 0.
55.341 1 ENERGY 18.200001 0. 0 0.
55.373 1 NAVIGATION 0 0 0. 0. 14400. 14400. 0 0
55.389 1 GPS 0 0 0 0 0 0 0 0 0 0 1
55.437 1 WP_MOVED 1 360285. 4813715. 250. 31
55.505 1 PONG 
55.539 1 BAT 2700 182 0 0 0 698 698 0
55.540 1 GPS_SOL 0 0 0 0
55.623 1 NAVIGATION 0 0 0. 0. 14400. 14400. 0 0
55.645 1 GPS 0 0 0 0 0 0 0 0 0 0 1
55.645 1 NAVIGATION 0 0 0. 0. 14400. 14400. 0 0
55.739 1 ATTITUDE 0.095989 0. -1.317619
55.740 1 IR_SENSORS 511 -449 -960 62 511
55.837 1 ESTIMATOR 0. 0.
55.873 1 NAVIGATION 0 0 0. 0. 14400. 14400. 0 0
55.891 1 GPS 0 0 0 0 0 0 0 0 0 0 1
55.939 1 WP_MOVED 0 360327. 4813637. 250. 31
56.033 1 DOWNLINK_STATUS 56 28481 1271 0 515. 23. 5.85
56.123 1 NAVIGATION 0 0 0. 0. 14400. 14400. 0 0
56.141 1 GPS 0 0 0 0 0 0 0 0 0 0 1
56.189 1 CIRCLE 0. 120. 100.
56.238 1 ATTITUDE 0.095989 0. -1.317619
56.291 1 DESIRED 0.01 -0.24 4.9 -100. 20. 210. 0.5 18.
56.337 1 ESTIMATOR 0. 0.
56.373 1 NAVIGATION 0 0 0. 0. 14400. 14400. 0 0
56.391 1 GPS 0 0 0 0 0 0 0 0 0 0 1
56.439 1 WP_MOVED 1 360285. 4813715. 250. 31
56.440 1 DL_VALUE 4 0.
56.623 1 NAVIGATION 0 0 0. 0. 14400. 14400. 0 0
56.641 1 GPS 0 0 0 0 0 0 0 0 0 0 1
56.645 1 NAVIGATION 0 0 0. 0. 14400. 14400. 0 0
56.648 1 BAT 2700 182 0 0 0 699 699 0
56.737 1 ATTITUDE 0.095989 0. -1.317619
56.837 1 ESTIMATOR 0. 0.
56.873 1 NAVIGATION 0 0 0. 0. 14400. 14400. 0 0
56.889 1 GPS 0 0 0 0 0 0 0 0 0 0 1
56.937 1 WP_MOVED 0 360327. 4813637. 250. 31
56.939 1 IR_SENSORS 511 -449 -960 62 511
56.941 1 CALIBRATION 0. 1
57.034 1 DOWNLINK_STATUS 57 28961 1292 0 480. 21. 5.85
57.037 1 DOWNLINK 0 501 15788
57.121 1 NAVIGATION 0 0 0. 0. 14400. 14400. 0 0
57.125 1 FBW_STATUS 0 50 1 182 0
57.139 1 GPS 0 0 0 0 0 0 0 0 0 0 1
57.221 1 COMMANDS 2700,9600,-1425,-718,0
57.237 1 ATTITUDE 0.095989 0. -1.317619
57.241 1 CIRCLE 0. 120. 100.
57.322 1 ACTUATORS 1281,1524,1537,0,1426,0,1500,2000
57.336 1 ESTIMATOR 0. 0.
57.342 1 DESIRED 0.01 -0.24 4.9 -100. 20. 210. 0.5 18.
57.372 1 NAVIGATION 0 0 0. 0. 14400. 14400. 0 0
57.390 1 GPS 0 0 0 0 0 0 0 0 0 0 1
57.438 1 WP_MOVED 1 360285. 4813715. 250. 31
57.536 1 GPS_SOL 0 0 0 0
57.622 1 NAVIGATION 0 0 0. 0. 14400. 14400. 0 0
57.640 1 GPS 0 0 0 0 0 0 0 0 0 0 1
57.644 1 NAVIGATION 0 0 0. 0. 14400. 14400. 0 0
57.736 1 ATTITUDE 0.095989 0. -1.317619
57.740 1 BAT 2700 182 0 0 0 700 700 0
57.836 1 ESTIMATOR 0. 0.
57.840 1 ENERGY 18.200001 0. 0 0.
57.872 1 NAVIGATION 0 0 0. 0. 14400. 14400. 0 0
57.890 1 GPS 0 0 0 0 0 0 0 0 0 0 1
57.938 1 WP_MOVED 0 360327. 4813637. 250. 31
57.940 1 DL_VALUE 5 0.
57.944 1 ALIVE 217,29,55,143,90,140,199,122,63,140,219,234,159,183,65,191
58.034 1 DOWNLINK_STATUS 58 29539 1318 0 578. 26. 5.85
58.036 1 PPRZ_MODE 1 3 3 2 0 21
58.122 1 NAVIGATION 0 0 0. 0. 14400. 14400. 0 0
58.140 1 GPS 0 0 0 0 0 0 0 0 0 0 1
58.142 1 IR_SENSORS 511 -449 -960 62 511
